Time,Lane Flow (Veh/15 Minutes),direction
2006-10-01 00:15:00,67,E
2006-10-01 00:30:00,42,E
2006-10-01 00:45:00,42,E
2006-10-01 01:00:00,35,E
2006-10-01 01:15:00,29,E
2006-10-01 01:30:00,28,E
2006-10-01 01:45:00,21,E
2006-10-01 02:00:00,23,E
2006-10-01 02:15:00,19,E
2006-10-01 02:30:00,18,E
2006-10-01 02:45:00,24,E
2006-10-01 03:00:00,17,E
2006-10-01 03:15:00,15,E
2006-10-01 03:30:00,17,E
2006-10-01 03:45:00,17,E
2006-10-01 04:00:00,12,E
2006-10-01 04:15:00,12,E
2006-10-01 04:30:00,14,E
2006-10-01 04:45:00,19,E
2006-10-01 05:00:00,13,E
2006-10-01 05:15:00,15,E
2006-10-01 05:30:00,9,E
2006-10-01 05:45:00,18,E
2006-10-01 06:00:00,20,E
2006-10-01 06:15:00,22,E
2006-10-01 06:30:00,31,E
2006-10-01 06:45:00,38,E
2006-10-01 07:00:00,30,E
2006-10-01 07:15:00,36,E
2006-10-01 07:30:00,44,E
2006-10-01 07:45:00,56,E
2006-10-01 08:00:00,53,E
2006-10-01 08:15:00,44,E
2006-10-01 08:30:00,72,E
2006-10-01 08:45:00,82,E
2006-10-01 09:00:00,115,E
2006-10-01 09:15:00,85,E
2006-10-01 09:30:00,117,E
2006-10-01 09:45:00,140,E
2006-10-01 10:00:00,160,E
2006-10-01 10:15:00,151,E
2006-10-01 10:30:00,174,E
2006-10-01 10:45:00,146,E
2006-10-01 11:00:00,168,E
2006-10-01 11:15:00,140,E
2006-10-01 11:30:00,184,E
2006-10-01 11:45:00,153,E
2006-10-01 12:00:00,149,E
2006-10-01 12:15:00,169,E
2006-10-01 12:30:00,186,E
2006-10-01 12:45:00,161,E
2006-10-01 13:00:00,179,E
2006-10-01 13:15:00,166,E
2006-10-01 13:30:00,149,E
2006-10-01 13:45:00,148,E
2006-10-01 14:00:00,183,E
2006-10-01 14:15:00,139,E
2006-10-01 14:30:00,140,E
2006-10-01 14:45:00,151,E
2006-10-01 15:00:00,125,E
2006-10-01 15:15:00,142,E
2006-10-01 15:30:00,131,E
2006-10-01 15:45:00,134,E
2006-10-01 16:00:00,138,E
2006-10-01 16:15:00,152,E
2006-10-01 16:30:00,125,E
2006-10-01 16:45:00,123,E
2006-10-01 17:00:00,157,E
2006-10-01 17:15:00,146,E
2006-10-01 17:30:00,154,E
2006-10-01 17:45:00,138,E
2006-10-01 18:00:00,144,E
2006-10-01 18:15:00,119,E
2006-10-01 18:30:00,118,E
2006-10-01 18:45:00,121,E
2006-10-01 19:00:00,117,E
2006-10-01 19:15:00,102,E
2006-10-01 19:30:00,77,E
2006-10-01 19:45:00,77,E
2006-10-01 20:00:00,76,E
2006-10-01 20:15:00,77,E
2006-10-01 20:30:00,65,E
2006-10-01 20:45:00,61,E
2006-10-01 21:00:00,51,E
2006-10-01 21:15:00,74,E
2006-10-01 21:30:00,59,E
2006-10-01 21:45:00,41,E
2006-10-01 22:00:00,50,E
2006-10-01 22:15:00,48,E
2006-10-01 22:30:00,42,E
2006-10-01 22:45:00,27,E
2006-10-01 23:00:00,35,E
2006-10-01 23:15:00,19,E
2006-10-01 23:30:00,16,E
2006-10-01 23:45:00,13,E
2006-10-02 00:00:00,25,E
2006-10-02 00:15:00,18,E
2006-10-02 00:30:00,14,E
2006-10-02 00:45:00,11,E
2006-10-02 01:00:00,7,E
2006-10-02 01:15:00,6,E
2006-10-02 01:30:00,5,E
2006-10-02 01:45:00,8,E
2006-10-02 02:00:00,6,E
2006-10-02 02:15:00,9,E
2006-10-02 02:30:00,4,E
2006-10-02 02:45:00,4,E
2006-10-02 03:00:00,5,E
2006-10-02 03:15:00,1,E
2006-10-02 03:30:00,3,E
2006-10-02 03:45:00,6,E
2006-10-02 04:00:00,6,E
2006-10-02 04:15:00,4,E
2006-10-02 04:30:00,20,E
2006-10-02 04:45:00,19,E
2006-10-02 05:00:00,14,E
2006-10-02 05:15:00,18,E
2006-10-02 05:30:00,25,E
2006-10-02 05:45:00,53,E
2006-10-02 06:00:00,40,E
2006-10-02 06:15:00,53,E
2006-10-02 06:30:00,111,E
2006-10-02 06:45:00,163,E
2006-10-02 07:00:00,216,E
2006-10-02 07:15:00,314,E
2006-10-02 07:30:00,376,E
2006-10-02 07:45:00,510,E
2006-10-02 08:00:00,408,E
2006-10-02 08:15:00,469,E
2006-10-02 08:30:00,424,E
2006-10-02 08:45:00,347,E
2006-10-02 09:00:00,361,E
2006-10-02 09:15:00,267,E
2006-10-02 09:30:00,239,E
2006-10-02 09:45:00,197,E
2006-10-02 10:00:00,197,E
2006-10-02 10:15:00,148,E
2006-10-02 10:30:00,172,E
2006-10-02 10:45:00,161,E
2006-10-02 11:00:00,138,E
2006-10-02 11:15:00,154,E
2006-10-02 11:30:00,154,E
2006-10-02 11:45:00,122,E
2006-10-02 12:00:00,137,E
2006-10-02 12:15:00,126,E
2006-10-02 12:30:00,160,E
2006-10-02 12:45:00,152,E
2006-10-02 13:00:00,135,E
2006-10-02 13:15:00,133,E
2006-10-02 13:30:00,142,E
2006-10-02 13:45:00,153,E
2006-10-02 14:00:00,125,E
2006-10-02 14:15:00,136,E
2006-10-02 14:30:00,149,E
2006-10-02 14:45:00,134,E
2006-10-02 15:00:00,142,E
2006-10-02 15:15:00,168,E
2006-10-02 15:30:00,154,E
2006-10-02 15:45:00,148,E
2006-10-02 16:00:00,138,E
2006-10-02 16:15:00,150,E
2006-10-02 16:30:00,162,E
2006-10-02 16:45:00,144,E
2006-10-02 17:00:00,124,E
2006-10-02 17:15:00,149,E
2006-10-02 17:30:00,158,E
2006-10-02 17:45:00,153,E
2006-10-02 18:00:00,170,E
2006-10-02 18:15:00,148,E
2006-10-02 18:30:00,152,E
2006-10-02 18:45:00,148,E
2006-10-02 19:00:00,162,E
2006-10-02 19:15:00,133,E
2006-10-02 19:30:00,138,E
2006-10-02 19:45:00,97,E
2006-10-02 20:00:00,89,E
2006-10-02 20:15:00,71,E
2006-10-02 20:30:00,55,E
2006-10-02 20:45:00,73,E
2006-10-02 21:00:00,70,E
2006-10-02 21:15:00,71,E
2006-10-02 21:30:00,62,E
2006-10-02 21:45:00,65,E
2006-10-02 22:00:00,44,E
2006-10-02 22:15:00,59,E
2006-10-02 22:30:00,50,E
2006-10-02 22:45:00,32,E
2006-10-02 23:00:00,33,E
2006-10-02 23:15:00,30,E
2006-10-02 23:30:00,17,E
2006-10-02 23:45:00,18,E
2006-10-03 00:00:00,10,E
2006-10-03 00:15:00,14,E
2006-10-03 00:30:00,8,E
2006-10-03 00:45:00,16,E
2006-10-03 01:00:00,4,E
2006-10-03 01:15:00,7,E
2006-10-03 01:30:00,6,E
2006-10-03 01:45:00,6,E
2006-10-03 02:00:00,3,E
2006-10-03 02:15:00,9,E
2006-10-03 02:30:00,6,E
2006-10-03 02:45:00,2,E
2006-10-03 03:00:00,6,E
2006-10-03 03:15:00,1,E
2006-10-03 03:30:00,4,E
2006-10-03 03:45:00,8,E
2006-10-03 04:00:00,5,E
2006-10-03 04:15:00,10,E
2006-10-03 04:30:00,10,E
2006-10-03 04:45:00,8,E
2006-10-03 05:00:00,20,E
2006-10-03 05:15:00,22,E
2006-10-03 05:30:00,35,E
2006-10-03 05:45:00,52,E
2006-10-03 06:00:00,68,E
2006-10-03 06:15:00,81,E
2006-10-03 06:30:00,133,E
2006-10-03 06:45:00,203,E
2006-10-03 07:00:00,239,E
2006-10-03 07:15:00,357,E
2006-10-03 07:30:00,422,E
2006-10-03 07:45:00,456,E
2006-10-03 08:00:00,447,E
2006-10-03 08:15:00,469,E
2006-10-03 08:30:00,438,E
2006-10-03 08:45:00,384,E
2006-10-03 09:00:00,314,E
2006-10-03 09:15:00,330,E
2006-10-03 09:30:00,250,E
2006-10-03 09:45:00,267,E
2006-10-03 10:00:00,196,E
2006-10-03 10:15:00,177,E
2006-10-03 10:30:00,183,E
2006-10-03 10:45:00,186,E
2006-10-03 11:00:00,168,E
2006-10-03 11:15:00,157,E
2006-10-03 11:30:00,176,E
2006-10-03 11:45:00,135,E
2006-10-03 12:00:00,154,E
2006-10-03 12:15:00,143,E
2006-10-03 12:30:00,158,E
2006-10-03 12:45:00,142,E
2006-10-03 13:00:00,151,E
2006-10-03 13:15:00,136,E
2006-10-03 13:30:00,144,E
2006-10-03 13:45:00,165,E
2006-10-03 14:00:00,135,E
2006-10-03 14:15:00,138,E
2006-10-03 14:30:00,156,E
2006-10-03 14:45:00,144,E
2006-10-03 15:00:00,176,E
2006-10-03 15:15:00,145,E
2006-10-03 15:30:00,173,E
2006-10-03 15:45:00,164,E
2006-10-03 16:00:00,133,E
2006-10-03 16:15:00,167,E
2006-10-03 16:30:00,154,E
2006-10-03 16:45:00,162,E
2006-10-03 17:00:00,143,E
2006-10-03 17:15:00,144,E
2006-10-03 17:30:00,174,E
2006-10-03 17:45:00,165,E
2006-10-03 18:00:00,188,E
2006-10-03 18:15:00,165,E
2006-10-03 18:30:00,151,E
2006-10-03 18:45:00,178,E
2006-10-03 19:00:00,137,E
2006-10-03 19:15:00,141,E
2006-10-03 19:30:00,124,E
2006-10-03 19:45:00,115,E
2006-10-03 20:00:00,113,E
2006-10-03 20:15:00,97,E
2006-10-03 20:30:00,62,E
2006-10-03 20:45:00,99,E
2006-10-03 21:00:00,56,E
2006-10-03 21:15:00,83,E
2006-10-03 21:30:00,87,E
2006-10-03 21:45:00,65,E
2006-10-03 22:00:00,61,E
2006-10-03 22:15:00,66,E
2006-10-03 22:30:00,51,E
2006-10-03 22:45:00,35,E
2006-10-03 23:00:00,30,E
2006-10-03 23:15:00,33,E
2006-10-03 23:30:00,28,E
2006-10-03 23:45:00,19,E
2006-10-04 00:00:00,12,E
2006-10-04 00:15:00,8,E
2006-10-04 00:30:00,14,E
2006-10-04 00:45:00,15,E
2006-10-04 01:00:00,9,E
2006-10-04 01:15:00,9,E
2006-10-04 01:30:00,7,E
2006-10-04 01:45:00,9,E
2006-10-04 02:00:00,6,E
2006-10-04 02:15:00,7,E
2006-10-04 02:30:00,8,E
2006-10-04 02:45:00,3,E
2006-10-04 03:00:00,2,E
2006-10-04 03:15:00,6,E
2006-10-04 03:30:00,6,E
2006-10-04 03:45:00,6,E
2006-10-04 04:00:00,5,E
2006-10-04 04:15:00,7,E
2006-10-04 04:30:00,10,E
2006-10-04 04:45:00,11,E
2006-10-04 05:00:00,17,E
2006-10-04 05:15:00,18,E
2006-10-04 05:30:00,31,E
2006-10-04 05:45:00,59,E
2006-10-04 06:00:00,70,E
2006-10-04 06:15:00,73,E
2006-10-04 06:30:00,147,E
2006-10-04 06:45:00,188,E
2006-10-04 07:00:00,267,E
2006-10-04 07:15:00,314,E
2006-10-04 07:30:00,406,E
2006-10-04 07:45:00,436,E
2006-10-04 08:00:00,534,E
2006-10-04 08:15:00,474,E
2006-10-04 08:30:00,417,E
2006-10-04 08:45:00,354,E
2006-10-04 09:00:00,361,E
2006-10-04 09:15:00,261,E
2006-10-04 09:30:00,256,E
2006-10-04 09:45:00,228,E
2006-10-04 10:00:00,231,E
2006-10-04 10:15:00,185,E
2006-10-04 10:30:00,175,E
2006-10-04 10:45:00,168,E
2006-10-04 11:00:00,165,E
2006-10-04 11:15:00,165,E
2006-10-04 11:30:00,143,E
2006-10-04 11:45:00,165,E
2006-10-04 12:00:00,150,E
2006-10-04 12:15:00,153,E
2006-10-04 12:30:00,145,E
2006-10-04 12:45:00,137,E
2006-10-04 13:00:00,170,E
2006-10-04 13:15:00,169,E
2006-10-04 13:30:00,160,E
2006-10-04 13:45:00,163,E
2006-10-04 14:00:00,145,E
2006-10-04 14:15:00,121,E
2006-10-04 14:30:00,165,E
2006-10-04 14:45:00,175,E
2006-10-04 15:00:00,154,E
2006-10-04 15:15:00,146,E
2006-10-04 15:30:00,178,E
2006-10-04 15:45:00,155,E
2006-10-04 16:00:00,155,E
2006-10-04 16:15:00,164,E
2006-10-04 16:30:00,168,E
2006-10-04 16:45:00,161,E
2006-10-04 17:00:00,167,E
2006-10-04 17:15:00,151,E
2006-10-04 17:30:00,149,E
2006-10-04 17:45:00,182,E
2006-10-04 18:00:00,158,E
2006-10-04 18:15:00,186,E
2006-10-04 18:30:00,195,E
2006-10-04 18:45:00,157,E
2006-10-04 19:00:00,91,E
2006-10-04 19:15:00,70,E
2006-10-04 19:30:00,117,E
2006-10-04 19:45:00,133,E
2006-10-04 20:00:00,49,E
2006-10-04 20:15:00,51,E
2006-10-04 20:30:00,70,E
2006-10-04 20:45:00,90,E
2006-10-04 21:00:00,77,E
2006-10-04 21:15:00,63,E
2006-10-04 21:30:00,76,E
2006-10-04 21:45:00,78,E
2006-10-04 22:00:00,67,E
2006-10-04 22:15:00,65,E
2006-10-04 22:30:00,55,E
2006-10-04 22:45:00,54,E
2006-10-04 23:00:00,37,E
2006-10-04 23:15:00,34,E
2006-10-04 23:30:00,36,E
2006-10-04 23:45:00,24,E
2006-10-05 00:00:00,20,E
2006-10-05 00:15:00,10,E
2006-10-05 00:30:00,11,E
2006-10-05 00:45:00,6,E
2006-10-05 01:00:00,8,E
2006-10-05 01:15:00,6,E
2006-10-05 01:30:00,8,E
2006-10-05 01:45:00,6,E
2006-10-05 02:00:00,9,E
2006-10-05 02:15:00,6,E
2006-10-05 02:30:00,5,E
2006-10-05 02:45:00,5,E
2006-10-05 03:00:00,6,E
2006-10-05 03:15:00,3,E
2006-10-05 03:30:00,4,E
2006-10-05 03:45:00,5,E
2006-10-05 04:00:00,7,E
2006-10-05 04:15:00,6,E
2006-10-05 04:30:00,9,E
2006-10-05 04:45:00,11,E
2006-10-05 05:00:00,20,E
2006-10-05 05:15:00,20,E
2006-10-05 05:30:00,36,E
2006-10-05 05:45:00,47,E
2006-10-05 06:00:00,45,E
2006-10-05 06:15:00,93,E
2006-10-05 06:30:00,130,E
2006-10-05 06:45:00,180,E
2006-10-05 07:00:00,251,E
2006-10-05 07:15:00,287,E
2006-10-05 07:30:00,417,E
2006-10-05 07:45:00,448,E
2006-10-05 08:00:00,404,E
2006-10-05 08:15:00,462,E
2006-10-05 08:30:00,465,E
2006-10-05 08:45:00,425,E
2006-10-05 09:00:00,368,E
2006-10-05 09:15:00,266,E
2006-10-05 09:30:00,273,E
2006-10-05 09:45:00,176,E
2006-10-05 10:00:00,213,E
2006-10-05 10:15:00,172,E
2006-10-05 10:30:00,193,E
2006-10-05 10:45:00,158,E
2006-10-05 11:00:00,147,E
2006-10-05 11:15:00,175,E
2006-10-05 11:30:00,175,E
2006-10-05 11:45:00,155,E
2006-10-05 12:00:00,172,E
2006-10-05 12:15:00,154,E
2006-10-05 12:30:00,141,E
2006-10-05 12:45:00,141,E
2006-10-05 13:00:00,155,E
2006-10-05 13:15:00,174,E
2006-10-05 13:30:00,159,E
2006-10-05 13:45:00,160,E
2006-10-05 14:00:00,145,E
2006-10-05 14:15:00,155,E
2006-10-05 14:30:00,126,E
2006-10-05 14:45:00,156,E
2006-10-05 15:00:00,161,E
2006-10-05 15:15:00,155,E
2006-10-05 15:30:00,167,E
2006-10-05 15:45:00,166,E
2006-10-05 16:00:00,168,E
2006-10-05 16:15:00,122,E
2006-10-05 16:30:00,144,E
2006-10-05 16:45:00,182,E
2006-10-05 17:00:00,157,E
2006-10-05 17:15:00,168,E
2006-10-05 17:30:00,192,E
2006-10-05 17:45:00,157,E
2006-10-05 18:00:00,204,E
2006-10-05 18:15:00,172,E
2006-10-05 18:30:00,186,E
2006-10-05 18:45:00,163,E
2006-10-05 19:00:00,163,E
2006-10-05 19:15:00,135,E
2006-10-05 19:30:00,157,E
2006-10-05 19:45:00,117,E
2006-10-05 20:00:00,107,E
2006-10-05 20:15:00,101,E
2006-10-05 20:30:00,93,E
2006-10-05 20:45:00,82,E
2006-10-05 21:00:00,79,E
2006-10-05 21:15:00,74,E
2006-10-05 21:30:00,79,E
2006-10-05 21:45:00,90,E
2006-10-05 22:00:00,74,E
2006-10-05 22:15:00,83,E
2006-10-05 22:30:00,64,E
2006-10-05 22:45:00,57,E
2006-10-05 23:00:00,55,E
2006-10-05 23:15:00,45,E
2006-10-05 23:30:00,17,E
2006-10-05 23:45:00,37,E
2006-10-06 00:00:00,20,E
2006-10-06 00:15:00,16,E
2006-10-06 00:30:00,14,E
2006-10-06 00:45:00,13,E
2006-10-06 01:00:00,7,E
2006-10-06 01:15:00,7,E
2006-10-06 01:30:00,10,E
2006-10-06 01:45:00,9,E
2006-10-06 02:00:00,7,E
2006-10-06 02:15:00,18,E
2006-10-06 02:30:00,8,E
2006-10-06 02:45:00,6,E
2006-10-06 03:00:00,3,E
2006-10-06 03:15:00,8,E
2006-10-06 03:30:00,5,E
2006-10-06 03:45:00,7,E
2006-10-06 04:00:00,6,E
2006-10-06 04:15:00,10,E
2006-10-06 04:30:00,8,E
2006-10-06 04:45:00,17,E
2006-10-06 05:00:00,19,E
2006-10-06 05:15:00,21,E
2006-10-06 05:30:00,26,E
2006-10-06 05:45:00,48,E
2006-10-06 06:00:00,52,E
2006-10-06 06:15:00,79,E
2006-10-06 06:30:00,142,E
2006-10-06 06:45:00,208,E
2006-10-06 07:00:00,263,E
2006-10-06 07:15:00,293,E
2006-10-06 07:30:00,428,E
2006-10-06 07:45:00,417,E
2006-10-06 08:00:00,525,E
2006-10-06 08:15:00,475,E
2006-10-06 08:30:00,361,E
2006-10-06 08:45:00,368,E
2006-10-06 09:00:00,386,E
2006-10-06 09:15:00,263,E
2006-10-06 09:30:00,259,E
2006-10-06 09:45:00,226,E
2006-10-06 10:00:00,214,E
2006-10-06 10:15:00,211,E
2006-10-06 10:30:00,197,E
2006-10-06 10:45:00,186,E
2006-10-06 11:00:00,189,E
2006-10-06 11:15:00,172,E
2006-10-06 11:30:00,177,E
2006-10-06 11:45:00,157,E
2006-10-06 12:00:00,168,E
2006-10-06 12:15:00,165,E
2006-10-06 12:30:00,160,E
2006-10-06 12:45:00,155,E
2006-10-06 13:00:00,154,E
2006-10-06 13:15:00,170,E
2006-10-06 13:30:00,166,E
2006-10-06 13:45:00,150,E
2006-10-06 14:00:00,148,E
2006-10-06 14:15:00,155,E
2006-10-06 14:30:00,158,E
2006-10-06 14:45:00,176,E
2006-10-06 15:00:00,191,E
2006-10-06 15:15:00,164,E
2006-10-06 15:30:00,179,E
2006-10-06 15:45:00,177,E
2006-10-06 16:00:00,157,E
2006-10-06 16:15:00,166,E
2006-10-06 16:30:00,179,E
2006-10-06 16:45:00,106,E
2006-10-06 17:00:00,163,E
2006-10-06 17:15:00,152,E
2006-10-06 17:30:00,182,E
2006-10-06 17:45:00,199,E
2006-10-06 18:00:00,173,E
2006-10-06 18:15:00,209,E
2006-10-06 18:30:00,154,E
2006-10-06 18:45:00,185,E
2006-10-06 19:00:00,210,E
2006-10-06 19:15:00,178,E
2006-10-06 19:30:00,172,E
2006-10-06 19:45:00,149,E
2006-10-06 20:00:00,149,E
2006-10-06 20:15:00,102,E
2006-10-06 20:30:00,85,E
2006-10-06 20:45:00,100,E
2006-10-06 21:00:00,79,E
2006-10-06 21:15:00,86,E
2006-10-06 21:30:00,107,E
2006-10-06 21:45:00,71,E
2006-10-06 22:00:00,83,E
2006-10-06 22:15:00,79,E
2006-10-06 22:30:00,92,E
2006-10-06 22:45:00,67,E
2006-10-06 23:00:00,56,E
2006-10-06 23:15:00,59,E
2006-10-06 23:30:00,52,E
2006-10-06 23:45:00,46,E
2006-10-07 00:00:00,41,E
2006-10-07 00:15:00,40,E
2006-10-07 00:30:00,28,E
2006-10-07 00:45:00,25,E
2006-10-07 01:00:00,20,E
2006-10-07 01:15:00,24,E
2006-10-07 01:30:00,24,E
2006-10-07 01:45:00,24,E
2006-10-07 02:00:00,15,E
2006-10-07 02:15:00,16,E
2006-10-07 02:30:00,16,E
2006-10-07 02:45:00,20,E
2006-10-07 03:00:00,15,E
2006-10-07 03:15:00,16,E
2006-10-07 03:30:00,14,E
2006-10-07 03:45:00,15,E
2006-10-07 04:00:00,13,E
2006-10-07 04:15:00,6,E
2006-10-07 04:30:00,12,E
2006-10-07 04:45:00,9,E
2006-10-07 05:00:00,16,E
2006-10-07 05:15:00,13,E
2006-10-07 05:30:00,18,E
2006-10-07 05:45:00,29,E
2006-10-07 06:00:00,30,E
2006-10-07 06:15:00,29,E
2006-10-07 06:30:00,56,E
2006-10-07 06:45:00,82,E
2006-10-07 07:00:00,60,E
2006-10-07 07:15:00,64,E
2006-10-07 07:30:00,75,E
2006-10-07 07:45:00,98,E
2006-10-07 08:00:00,134,E
2006-10-07 08:15:00,125,E
2006-10-07 08:30:00,141,E
2006-10-07 08:45:00,188,E
2006-10-07 09:00:00,191,E
2006-10-07 09:15:00,180,E
2006-10-07 09:30:00,223,E
2006-10-07 09:45:00,202,E
2006-10-07 10:00:00,210,E
2006-10-07 10:15:00,193,E
2006-10-07 10:30:00,209,E
2006-10-07 10:45:00,142,E
2006-10-07 11:00:00,222,E
2006-10-07 11:15:00,193,E
2006-10-07 11:30:00,226,E
2006-10-07 11:45:00,207,E
2006-10-07 12:00:00,192,E
2006-10-07 12:15:00,199,E
2006-10-07 12:30:00,210,E
2006-10-07 12:45:00,202,E
2006-10-07 13:00:00,199,E
2006-10-07 13:15:00,194,E
2006-10-07 13:30:00,170,E
2006-10-07 13:45:00,195,E
2006-10-07 14:00:00,179,E
2006-10-07 14:15:00,160,E
2006-10-07 14:30:00,172,E
2006-10-07 14:45:00,183,E
2006-10-07 15:00:00,142,E
2006-10-07 15:15:00,139,E
2006-10-07 15:30:00,167,E
2006-10-07 15:45:00,174,E
2006-10-07 16:00:00,162,E
2006-10-07 16:15:00,143,E
2006-10-07 16:30:00,144,E
2006-10-07 16:45:00,138,E
2006-10-07 17:00:00,155,E
2006-10-07 17:15:00,142,E
2006-10-07 17:30:00,165,E
2006-10-07 17:45:00,146,E
2006-10-07 18:00:00,162,E
2006-10-07 18:15:00,157,E
2006-10-07 18:30:00,202,E
2006-10-07 18:45:00,177,E
2006-10-07 19:00:00,181,E
2006-10-07 19:15:00,161,E
2006-10-07 19:30:00,152,E
2006-10-07 19:45:00,151,E
2006-10-07 20:00:00,102,E
2006-10-07 20:15:00,110,E
2006-10-07 20:30:00,85,E
2006-10-07 20:45:00,103,E
2006-10-07 21:00:00,94,E
2006-10-07 21:15:00,72,E
2006-10-07 21:30:00,71,E
2006-10-07 21:45:00,77,E
2006-10-07 22:00:00,76,E
2006-10-07 22:15:00,65,E
2006-10-07 22:30:00,79,E
2006-10-07 22:45:00,61,E
2006-10-07 23:00:00,54,E
2006-10-07 23:15:00,60,E
2006-10-07 23:30:00,69,E
2006-10-07 23:45:00,58,E
2006-10-08 00:00:00,62,E
2006-10-08 00:15:00,60,E
2006-10-08 00:30:00,41,E
2006-10-08 00:45:00,36,E
2006-10-08 01:00:00,30,E
2006-10-08 01:15:00,34,E
2006-10-08 01:30:00,30,E
2006-10-08 01:45:00,32,E
2006-10-08 02:00:00,23,E
2006-10-08 02:15:00,13,E
2006-10-08 02:30:00,21,E
2006-10-08 02:45:00,12,E
2006-10-08 03:00:00,13,E
2006-10-08 03:15:00,13,E
2006-10-08 03:30:00,15,E
2006-10-08 03:45:00,10,E
2006-10-08 04:00:00,14,E
2006-10-08 04:15:00,13,E
2006-10-08 04:30:00,7,E
2006-10-08 04:45:00,15,E
2006-10-08 05:00:00,13,E
2006-10-08 05:15:00,16,E
2006-10-08 05:30:00,17,E
2006-10-08 05:45:00,27,E
2006-10-08 06:00:00,29,E
2006-10-08 06:15:00,34,E
2006-10-08 06:30:00,34,E
2006-10-08 06:45:00,41,E
2006-10-08 07:00:00,46,E
2006-10-08 07:15:00,43,E
2006-10-08 07:30:00,37,E
2006-10-08 07:45:00,39,E
2006-10-08 08:00:00,54,E
2006-10-08 08:15:00,57,E
2006-10-08 08:30:00,71,E
2006-10-08 08:45:00,89,E
2006-10-08 09:00:00,123,E
2006-10-08 09:15:00,95,E
2006-10-08 09:30:00,117,E
2006-10-08 09:45:00,132,E
2006-10-08 10:00:00,151,E
2006-10-08 10:15:00,133,E
2006-10-08 10:30:00,168,E
2006-10-08 10:45:00,162,E
2006-10-08 11:00:00,137,E
2006-10-08 11:15:00,141,E
2006-10-08 11:30:00,135,E
2006-10-08 11:45:00,147,E
2006-10-08 12:00:00,170,E
2006-10-08 12:15:00,157,E
2006-10-08 12:30:00,153,E
2006-10-08 12:45:00,152,E
2006-10-08 13:00:00,142,E
2006-10-08 13:15:00,162,E
2006-10-08 13:30:00,166,E
2006-10-08 13:45:00,134,E
2006-10-08 14:00:00,200,E
2006-10-08 14:15:00,137,E
2006-10-08 14:30:00,135,E
2006-10-08 14:45:00,127,E
2006-10-08 15:00:00,140,E
2006-10-08 15:15:00,131,E
2006-10-08 15:30:00,118,E
2006-10-08 15:45:00,129,E
2006-10-08 16:00:00,125,E
2006-10-08 16:15:00,118,E
2006-10-08 16:30:00,121,E
2006-10-08 16:45:00,157,E
2006-10-08 17:00:00,145,E
2006-10-08 17:15:00,133,E
2006-10-08 17:30:00,148,E
2006-10-08 17:45:00,146,E
2006-10-08 18:00:00,153,E
2006-10-08 18:15:00,118,E
2006-10-08 18:30:00,113,E
2006-10-08 18:45:00,123,E
2006-10-08 19:00:00,124,E
2006-10-08 19:15:00,112,E
2006-10-08 19:30:00,104,E
2006-10-08 19:45:00,68,E
2006-10-08 20:00:00,84,E
2006-10-08 20:15:00,69,E
2006-10-08 20:30:00,67,E
2006-10-08 20:45:00,67,E
2006-10-08 21:00:00,77,E
2006-10-08 21:15:00,73,E
2006-10-08 21:30:00,66,E
2006-10-08 21:45:00,55,E
2006-10-08 22:00:00,56,E
2006-10-08 22:15:00,42,E
2006-10-08 22:30:00,23,E
2006-10-08 22:45:00,31,E
2006-10-08 23:00:00,30,E
2006-10-08 23:15:00,31,E
2006-10-08 23:30:00,27,E
2006-10-08 23:45:00,23,E
2006-10-09 00:00:00,16,E
2006-10-09 00:15:00,11,E
2006-10-09 00:30:00,11,E
2006-10-09 00:45:00,8,E
2006-10-09 01:00:00,5,E
2006-10-09 01:15:00,10,E
2006-10-09 01:30:00,5,E
2006-10-09 01:45:00,9,E
2006-10-09 02:00:00,2,E
2006-10-09 02:15:00,8,E
2006-10-09 02:30:00,4,E
2006-10-09 02:45:00,6,E
2006-10-09 03:00:00,3,E
2006-10-09 03:15:00,0,E
2006-10-09 03:30:00,3,E
2006-10-09 03:45:00,5,E
2006-10-09 04:00:00,7,E
2006-10-09 04:15:00,3,E
2006-10-09 04:30:00,13,E
2006-10-09 04:45:00,18,E
2006-10-09 05:00:00,16,E
2006-10-09 05:15:00,19,E
2006-10-09 05:30:00,27,E
2006-10-09 05:45:00,46,E
2006-10-09 06:00:00,56,E
2006-10-09 06:15:00,74,E
2006-10-09 06:30:00,137,E
2006-10-09 06:45:00,175,E
2006-10-09 07:00:00,241,E
2006-10-09 07:15:00,300,E
2006-10-09 07:30:00,387,E
2006-10-09 07:45:00,455,E
2006-10-09 08:00:00,498,E
2006-10-09 08:15:00,436,E
2006-10-09 08:30:00,429,E
2006-10-09 08:45:00,372,E
2006-10-09 09:00:00,355,E
2006-10-09 09:15:00,246,E
2006-10-09 09:30:00,269,E
2006-10-09 09:45:00,229,E
2006-10-09 10:00:00,60,E
2006-10-09 10:15:00,58,E
2006-10-09 10:30:00,148,E
2006-10-09 10:45:00,166,E
2006-10-09 11:00:00,160,E
2006-10-09 11:15:00,162,E
2006-10-09 11:30:00,149,E
2006-10-09 11:45:00,159,E
2006-10-09 12:00:00,154,E
2006-10-09 12:15:00,149,E
2006-10-09 12:30:00,154,E
2006-10-09 12:45:00,141,E
2006-10-09 13:00:00,138,E
2006-10-09 13:15:00,146,E
2006-10-09 13:30:00,153,E
2006-10-09 13:45:00,171,E
2006-10-09 14:00:00,144,E
2006-10-09 14:15:00,135,E
2006-10-09 14:30:00,142,E
2006-10-09 14:45:00,145,E
2006-10-09 15:00:00,145,E
2006-10-09 15:15:00,167,E
2006-10-09 15:30:00,138,E
2006-10-09 15:45:00,166,E
2006-10-09 16:00:00,154,E
2006-10-09 16:15:00,127,E
2006-10-09 16:30:00,177,E
2006-10-09 16:45:00,109,E
2006-10-09 17:00:00,124,E
2006-10-09 17:15:00,178,E
2006-10-09 17:30:00,186,E
2006-10-09 17:45:00,185,E
2006-10-09 18:00:00,162,E
2006-10-09 18:15:00,177,E
2006-10-09 18:30:00,171,E
2006-10-09 18:45:00,151,E
2006-10-09 19:00:00,136,E
2006-10-09 19:15:00,127,E
2006-10-09 19:30:00,133,E
2006-10-09 19:45:00,106,E
2006-10-09 20:00:00,89,E
2006-10-09 20:15:00,65,E
2006-10-09 20:30:00,68,E
2006-10-09 20:45:00,78,E
2006-10-09 21:00:00,71,E
2006-10-09 21:15:00,69,E
2006-10-09 21:30:00,60,E
2006-10-09 21:45:00,61,E
2006-10-09 22:00:00,56,E
2006-10-09 22:15:00,51,E
2006-10-09 22:30:00,39,E
2006-10-09 22:45:00,36,E
2006-10-09 23:00:00,33,E
2006-10-09 23:15:00,24,E
2006-10-09 23:30:00,25,E
2006-10-09 23:45:00,16,E
2006-10-10 00:00:00,16,E
2006-10-10 00:15:00,13,E
2006-10-10 00:30:00,7,E
2006-10-10 00:45:00,10,E
2006-10-10 01:00:00,6,E
2006-10-10 01:15:00,10,E
2006-10-10 01:30:00,5,E
2006-10-10 01:45:00,4,E
2006-10-10 02:00:00,7,E
2006-10-10 02:15:00,4,E
2006-10-10 02:30:00,4,E
2006-10-10 02:45:00,3,E
2006-10-10 03:00:00,7,E
2006-10-10 03:15:00,3,E
2006-10-10 03:30:00,4,E
2006-10-10 03:45:00,8,E
2006-10-10 04:00:00,5,E
2006-10-10 04:15:00,7,E
2006-10-10 04:30:00,10,E
2006-10-10 04:45:00,12,E
2006-10-10 05:00:00,18,E
2006-10-10 05:15:00,27,E
2006-10-10 05:30:00,41,E
2006-10-10 05:45:00,47,E
2006-10-10 06:00:00,67,E
2006-10-10 06:15:00,79,E
2006-10-10 06:30:00,134,E
2006-10-10 06:45:00,191,E
2006-10-10 07:00:00,269,E
2006-10-10 07:15:00,327,E
2006-10-10 07:30:00,396,E
2006-10-10 07:45:00,460,E
2006-10-10 08:00:00,480,E
2006-10-10 08:15:00,472,E
2006-10-10 08:30:00,443,E
2006-10-10 08:45:00,389,E
2006-10-10 09:00:00,334,E
2006-10-10 09:15:00,299,E
2006-10-10 09:30:00,234,E
2006-10-10 09:45:00,209,E
2006-10-10 10:00:00,211,E
2006-10-10 10:15:00,174,E
2006-10-10 10:30:00,199,E
2006-10-10 10:45:00,162,E
2006-10-10 11:00:00,197,E
2006-10-10 11:15:00,174,E
2006-10-10 11:30:00,140,E
2006-10-10 11:45:00,194,E
2006-10-10 12:00:00,156,E
2006-10-10 12:15:00,152,E
2006-10-10 12:30:00,161,E
2006-10-10 12:45:00,171,E
2006-10-10 13:00:00,157,E
2006-10-10 13:15:00,142,E
2006-10-10 13:30:00,161,E
2006-10-10 13:45:00,178,E
2006-10-10 14:00:00,141,E
2006-10-10 14:15:00,139,E
2006-10-10 14:30:00,130,E
2006-10-10 14:45:00,151,E
2006-10-10 15:00:00,182,E
2006-10-10 15:15:00,153,E
2006-10-10 15:30:00,186,E
2006-10-10 15:45:00,159,E
2006-10-10 16:00:00,141,E
2006-10-10 16:15:00,145,E
2006-10-10 16:30:00,185,E
2006-10-10 16:45:00,154,E
2006-10-10 17:00:00,160,E
2006-10-10 17:15:00,172,E
2006-10-10 17:30:00,147,E
2006-10-10 17:45:00,195,E
2006-10-10 18:00:00,176,E
2006-10-10 18:15:00,186,E
2006-10-10 18:30:00,150,E
2006-10-10 18:45:00,159,E
2006-10-10 19:00:00,153,E
2006-10-10 19:15:00,159,E
2006-10-10 19:30:00,152,E
2006-10-10 19:45:00,135,E
2006-10-10 20:00:00,133,E
2006-10-10 20:15:00,76,E
2006-10-10 20:30:00,93,E
2006-10-10 20:45:00,87,E
2006-10-10 21:00:00,96,E
2006-10-10 21:15:00,74,E
2006-10-10 21:30:00,74,E
2006-10-10 21:45:00,81,E
2006-10-10 22:00:00,83,E
2006-10-10 22:15:00,63,E
2006-10-10 22:30:00,44,E
2006-10-10 22:45:00,27,E
2006-10-10 23:00:00,37,E
2006-10-10 23:15:00,42,E
2006-10-10 23:30:00,26,E
2006-10-10 23:45:00,22,E
2006-10-11 00:00:00,18,E
2006-10-11 00:15:00,14,E
2006-10-11 00:30:00,15,E
2006-10-11 00:45:00,9,E
2006-10-11 01:00:00,6,E
2006-10-11 01:15:00,7,E
2006-10-11 01:30:00,4,E
2006-10-11 01:45:00,7,E
2006-10-11 02:00:00,6,E
2006-10-11 02:15:00,6,E
2006-10-11 02:30:00,5,E
2006-10-11 02:45:00,6,E
2006-10-11 03:00:00,5,E
2006-10-11 03:15:00,3,E
2006-10-11 03:30:00,4,E
2006-10-11 03:45:00,2,E
2006-10-11 04:00:00,4,E
2006-10-11 04:15:00,10,E
2006-10-11 04:30:00,11,E
2006-10-11 04:45:00,9,E
2006-10-11 05:00:00,11,E
2006-10-11 05:15:00,14,E
2006-10-11 05:30:00,30,E
2006-10-11 05:45:00,46,E
2006-10-11 06:00:00,70,E
2006-10-11 06:15:00,74,E
2006-10-11 06:30:00,126,E
2006-10-11 06:45:00,196,E
2006-10-11 07:00:00,277,E
2006-10-11 07:15:00,348,E
2006-10-11 07:30:00,418,E
2006-10-11 07:45:00,487,E
2006-10-11 08:00:00,448,E
2006-10-11 08:15:00,468,E
2006-10-11 08:30:00,420,E
2006-10-11 08:45:00,295,E
2006-10-11 09:00:00,426,E
2006-10-11 09:15:00,303,E
2006-10-11 09:30:00,255,E
2006-10-11 09:45:00,229,E
2006-10-11 10:00:00,223,E
2006-10-11 10:15:00,192,E
2006-10-11 10:30:00,192,E
2006-10-11 10:45:00,190,E
2006-10-11 11:00:00,186,E
2006-10-11 11:15:00,170,E
2006-10-11 11:30:00,154,E
2006-10-11 11:45:00,173,E
2006-10-11 12:00:00,169,E
2006-10-11 12:15:00,147,E
2006-10-11 12:30:00,153,E
2006-10-11 12:45:00,143,E
2006-10-11 13:00:00,157,E
2006-10-11 13:15:00,144,E
2006-10-11 13:30:00,159,E
2006-10-11 13:45:00,152,E
2006-10-11 14:00:00,150,E
2006-10-11 14:15:00,135,E
2006-10-11 14:30:00,150,E
2006-10-11 14:45:00,139,E
2006-10-11 15:00:00,147,E
2006-10-11 15:15:00,166,E
2006-10-11 15:30:00,157,E
2006-10-11 15:45:00,158,E
2006-10-11 16:00:00,184,E
2006-10-11 16:15:00,163,E
2006-10-11 16:30:00,170,E
2006-10-11 16:45:00,155,E
2006-10-11 17:00:00,175,E
2006-10-11 17:15:00,166,E
2006-10-11 17:30:00,193,E
2006-10-11 17:45:00,162,E
2006-10-11 18:00:00,227,E
2006-10-11 18:15:00,153,E
2006-10-11 18:30:00,167,E
2006-10-11 18:45:00,178,E
2006-10-11 19:00:00,185,E
2006-10-11 19:15:00,141,E
2006-10-11 19:30:00,141,E
2006-10-11 19:45:00,112,E
2006-10-11 20:00:00,107,E
2006-10-11 20:15:00,73,E
2006-10-11 20:30:00,92,E
2006-10-11 20:45:00,77,E
2006-10-11 21:00:00,78,E
2006-10-11 21:15:00,82,E
2006-10-11 21:30:00,68,E
2006-10-11 21:45:00,63,E
2006-10-11 22:00:00,93,E
2006-10-11 22:15:00,64,E
2006-10-11 22:30:00,56,E
2006-10-11 22:45:00,37,E
2006-10-11 23:00:00,42,E
2006-10-11 23:15:00,37,E
2006-10-11 23:30:00,37,E
2006-10-11 23:45:00,13,E
2006-10-12 00:00:00,21,E
2006-10-12 00:15:00,3,E
2006-10-12 00:30:00,3,E
2006-10-12 00:45:00,11,E
2006-10-12 01:00:00,8,E
2006-10-12 01:15:00,5,E
2006-10-12 01:30:00,6,E
2006-10-12 01:45:00,5,E
2006-10-12 02:00:00,8,E
2006-10-12 02:15:00,6,E
2006-10-12 02:30:00,6,E
2006-10-12 02:45:00,3,E
2006-10-12 03:00:00,5,E
2006-10-12 03:15:00,5,E
2006-10-12 03:30:00,8,E
2006-10-12 03:45:00,4,E
2006-10-12 04:00:00,7,E
2006-10-12 04:15:00,8,E
2006-10-12 04:30:00,9,E
2006-10-12 04:45:00,13,E
2006-10-12 05:00:00,17,E
2006-10-12 05:15:00,20,E
2006-10-12 05:30:00,39,E
2006-10-12 05:45:00,50,E
2006-10-12 06:00:00,61,E
2006-10-12 06:15:00,101,E
2006-10-12 06:30:00,135,E
2006-10-12 06:45:00,191,E
2006-10-12 07:00:00,260,E
2006-10-12 07:15:00,335,E
2006-10-12 07:30:00,378,E
2006-10-12 07:45:00,461,E
2006-10-12 08:00:00,406,E
2006-10-12 08:15:00,469,E
2006-10-12 08:30:00,468,E
2006-10-12 08:45:00,399,E
2006-10-12 09:00:00,380,E
2006-10-12 09:15:00,310,E
2006-10-12 09:30:00,262,E
2006-10-12 09:45:00,271,E
2006-10-12 10:00:00,223,E
2006-10-12 10:15:00,178,E
2006-10-12 10:30:00,180,E
2006-10-12 10:45:00,171,E
2006-10-12 11:00:00,165,E
2006-10-12 11:15:00,159,E
2006-10-12 11:30:00,173,E
2006-10-12 11:45:00,146,E
2006-10-12 12:00:00,166,E
2006-10-12 12:15:00,156,E
2006-10-12 12:30:00,156,E
2006-10-12 12:45:00,148,E
2006-10-12 13:00:00,165,E
2006-10-12 13:15:00,137,E
2006-10-12 13:30:00,171,E
2006-10-12 13:45:00,150,E
2006-10-12 14:00:00,173,E
2006-10-12 14:15:00,137,E
2006-10-12 14:30:00,143,E
2006-10-12 14:45:00,164,E
2006-10-12 15:00:00,150,E
2006-10-12 15:15:00,146,E
2006-10-12 15:30:00,169,E
2006-10-12 15:45:00,147,E
2006-10-12 16:00:00,176,E
2006-10-12 16:15:00,122,E
2006-10-12 16:30:00,144,E
2006-10-12 16:45:00,158,E
2006-10-12 17:00:00,159,E
2006-10-12 17:15:00,157,E
2006-10-12 17:30:00,182,E
2006-10-12 17:45:00,168,E
2006-10-12 18:00:00,175,E
2006-10-12 18:15:00,162,E
2006-10-12 18:30:00,190,E
2006-10-12 18:45:00,209,E
2006-10-12 19:00:00,185,E
2006-10-12 19:15:00,172,E
2006-10-12 19:30:00,135,E
2006-10-12 19:45:00,123,E
2006-10-12 20:00:00,110,E
2006-10-12 20:15:00,112,E
2006-10-12 20:30:00,88,E
2006-10-12 20:45:00,93,E
2006-10-12 21:00:00,86,E
2006-10-12 21:15:00,89,E
2006-10-12 21:30:00,104,E
2006-10-12 21:45:00,83,E
2006-10-12 22:00:00,75,E
2006-10-12 22:15:00,68,E
2006-10-12 22:30:00,58,E
2006-10-12 22:45:00,69,E
2006-10-12 23:00:00,53,E
2006-10-12 23:15:00,41,E
2006-10-12 23:30:00,30,E
2006-10-12 23:45:00,29,E
2006-10-13 00:00:00,17,E
2006-10-13 00:15:00,16,E
2006-10-13 00:30:00,16,E
2006-10-13 00:45:00,12,E
2006-10-13 01:00:00,12,E
2006-10-13 01:15:00,7,E
2006-10-13 01:30:00,7,E
2006-10-13 01:45:00,5,E
2006-10-13 02:00:00,4,E
2006-10-13 02:15:00,10,E
2006-10-13 02:30:00,6,E
2006-10-13 02:45:00,9,E
2006-10-13 03:00:00,5,E
2006-10-13 03:15:00,4,E
2006-10-13 03:30:00,4,E
2006-10-13 03:45:00,9,E
2006-10-13 04:00:00,6,E
2006-10-13 04:15:00,7,E
2006-10-13 04:30:00,15,E
2006-10-13 04:45:00,11,E
2006-10-13 05:00:00,14,E
2006-10-13 05:15:00,14,E
2006-10-13 05:30:00,34,E
2006-10-13 05:45:00,43,E
2006-10-13 06:00:00,77,E
2006-10-13 06:15:00,81,E
2006-10-13 06:30:00,131,E
2006-10-13 06:45:00,183,E
2006-10-13 07:00:00,240,E
2006-10-13 07:15:00,316,E
2006-10-13 07:30:00,374,E
2006-10-13 07:45:00,466,E
2006-10-13 08:00:00,487,E
2006-10-13 08:15:00,466,E
2006-10-13 08:30:00,454,E
2006-10-13 08:45:00,404,E
2006-10-13 09:00:00,284,E
2006-10-13 09:15:00,312,E
2006-10-13 09:30:00,208,E
2006-10-13 09:45:00,228,E
2006-10-13 10:00:00,203,E
2006-10-13 10:15:00,190,E
2006-10-13 10:30:00,171,E
2006-10-13 10:45:00,162,E
2006-10-13 11:00:00,196,E
2006-10-13 11:15:00,116,E
2006-10-13 11:30:00,181,E
2006-10-13 11:45:00,158,E
2006-10-13 12:00:00,198,E
2006-10-13 12:15:00,165,E
2006-10-13 12:30:00,149,E
2006-10-13 12:45:00,171,E
2006-10-13 13:00:00,177,E
2006-10-13 13:15:00,166,E
2006-10-13 13:30:00,152,E
2006-10-13 13:45:00,117,E
2006-10-13 14:00:00,180,E
2006-10-13 14:15:00,161,E
2006-10-13 14:30:00,144,E
2006-10-13 14:45:00,148,E
2006-10-13 15:00:00,180,E
2006-10-13 15:15:00,159,E
2006-10-13 15:30:00,192,E
2006-10-13 15:45:00,162,E
2006-10-13 16:00:00,158,E
2006-10-13 16:15:00,158,E
2006-10-13 16:30:00,174,E
2006-10-13 16:45:00,179,E
2006-10-13 17:00:00,154,E
2006-10-13 17:15:00,169,E
2006-10-13 17:30:00,163,E
2006-10-13 17:45:00,200,E
2006-10-13 18:00:00,189,E
2006-10-13 18:15:00,193,E
2006-10-13 18:30:00,170,E
2006-10-13 18:45:00,160,E
2006-10-13 19:00:00,222,E
2006-10-13 19:15:00,166,E
2006-10-13 19:30:00,180,E
2006-10-13 19:45:00,151,E
2006-10-13 20:00:00,134,E
2006-10-13 20:15:00,109,E
2006-10-13 20:30:00,85,E
2006-10-13 20:45:00,108,E
2006-10-13 21:00:00,96,E
2006-10-13 21:15:00,73,E
2006-10-13 21:30:00,89,E
2006-10-13 21:45:00,76,E
2006-10-13 22:00:00,54,E
2006-10-13 22:15:00,71,E
2006-10-13 22:30:00,72,E
2006-10-13 22:45:00,72,E
2006-10-13 23:00:00,74,E
2006-10-13 23:15:00,48,E
2006-10-13 23:30:00,41,E
2006-10-13 23:45:00,28,E
2006-10-14 00:00:00,42,E
2006-10-14 00:15:00,34,E
2006-10-14 00:30:00,31,E
2006-10-14 00:45:00,30,E
2006-10-14 01:00:00,38,E
2006-10-14 01:15:00,19,E
2006-10-14 01:30:00,31,E
2006-10-14 01:45:00,25,E
2006-10-14 02:00:00,19,E
2006-10-14 02:15:00,12,E
2006-10-14 02:30:00,9,E
2006-10-14 02:45:00,14,E
2006-10-14 03:00:00,19,E
2006-10-14 03:15:00,12,E
2006-10-14 03:30:00,17,E
2006-10-14 03:45:00,11,E
2006-10-14 04:00:00,13,E
2006-10-14 04:15:00,14,E
2006-10-14 04:30:00,9,E
2006-10-14 04:45:00,14,E
2006-10-14 05:00:00,11,E
2006-10-14 05:15:00,15,E
2006-10-14 05:30:00,16,E
2006-10-14 05:45:00,44,E
2006-10-14 06:00:00,29,E
2006-10-14 06:15:00,42,E
2006-10-14 06:30:00,58,E
2006-10-14 06:45:00,68,E
2006-10-14 07:00:00,69,E
2006-10-14 07:15:00,60,E
2006-10-14 07:30:00,67,E
2006-10-14 07:45:00,98,E
2006-10-14 08:00:00,128,E
2006-10-14 08:15:00,124,E
2006-10-14 08:30:00,149,E
2006-10-14 08:45:00,186,E
2006-10-14 09:00:00,191,E
2006-10-14 09:15:00,184,E
2006-10-14 09:30:00,171,E
2006-10-14 09:45:00,193,E
2006-10-14 10:00:00,219,E
2006-10-14 10:15:00,206,E
2006-10-14 10:30:00,194,E
2006-10-14 10:45:00,199,E
2006-10-14 11:00:00,221,E
2006-10-14 11:15:00,202,E
2006-10-14 11:30:00,220,E
2006-10-14 11:45:00,198,E
2006-10-14 12:00:00,206,E
2006-10-14 12:15:00,222,E
2006-10-14 12:30:00,200,E
2006-10-14 12:45:00,166,E
2006-10-14 13:00:00,178,E
2006-10-14 13:15:00,192,E
2006-10-14 13:30:00,186,E
2006-10-14 13:45:00,198,E
2006-10-14 14:00:00,187,E
2006-10-14 14:15:00,170,E
2006-10-14 14:30:00,199,E
2006-10-14 14:45:00,151,E
2006-10-14 15:00:00,159,E
2006-10-14 15:15:00,151,E
2006-10-14 15:30:00,172,E
2006-10-14 15:45:00,133,E
2006-10-14 16:00:00,156,E
2006-10-14 16:15:00,133,E
2006-10-14 16:30:00,135,E
2006-10-14 16:45:00,146,E
2006-10-14 17:00:00,162,E
2006-10-14 17:15:00,155,E
2006-10-14 17:30:00,157,E
2006-10-14 17:45:00,160,E
2006-10-14 18:00:00,173,E
2006-10-14 18:15:00,188,E
2006-10-14 18:30:00,188,E
2006-10-14 18:45:00,205,E
2006-10-14 19:00:00,200,E
2006-10-14 19:15:00,175,E
2006-10-14 19:30:00,152,E
2006-10-14 19:45:00,140,E
2006-10-14 20:00:00,106,E
2006-10-14 20:15:00,104,E
2006-10-14 20:30:00,110,E
2006-10-14 20:45:00,102,E
2006-10-14 21:00:00,88,E
2006-10-14 21:15:00,75,E
2006-10-14 21:30:00,96,E
2006-10-14 21:45:00,76,E
2006-10-14 22:00:00,64,E
2006-10-14 22:15:00,62,E
2006-10-14 22:30:00,72,E
2006-10-14 22:45:00,51,E
2006-10-14 23:00:00,67,E
2006-10-14 23:15:00,57,E
2006-10-14 23:30:00,67,E
2006-10-14 23:45:00,57,E
2006-10-15 00:00:00,46,E
2006-10-15 00:15:00,44,E
2006-10-15 00:30:00,52,E
2006-10-15 00:45:00,40,E
2006-10-15 01:00:00,38,E
2006-10-15 01:15:00,47,E
2006-10-15 01:30:00,27,E
2006-10-15 01:45:00,23,E
2006-10-15 02:00:00,13,E
2006-10-15 02:15:00,17,E
2006-10-15 02:30:00,23,E
2006-10-15 02:45:00,20,E
2006-10-15 03:00:00,25,E
2006-10-15 03:15:00,22,E
2006-10-15 03:30:00,13,E
2006-10-15 03:45:00,11,E
2006-10-15 04:00:00,15,E
2006-10-15 04:15:00,20,E
2006-10-15 04:30:00,24,E
2006-10-15 04:45:00,34,E
2006-10-15 05:00:00,31,E
2006-10-15 05:15:00,27,E
2006-10-15 05:30:00,27,E
2006-10-15 05:45:00,18,E
2006-10-15 06:00:00,21,E
2006-10-15 06:15:00,22,E
2006-10-15 06:30:00,36,E
2006-10-15 06:45:00,58,E
2006-10-15 07:00:00,58,E
2006-10-15 07:15:00,33,E
2006-10-15 07:30:00,36,E
2006-10-15 07:45:00,47,E
2006-10-15 08:00:00,53,E
2006-10-15 08:15:00,79,E
2006-10-15 08:30:00,59,E
2006-10-15 08:45:00,79,E
2006-10-15 09:00:00,116,E
2006-10-15 09:15:00,97,E
2006-10-15 09:30:00,110,E
2006-10-15 09:45:00,137,E
2006-10-15 10:00:00,167,E
2006-10-15 10:15:00,147,E
2006-10-15 10:30:00,160,E
2006-10-15 10:45:00,165,E
2006-10-15 11:00:00,167,E
2006-10-15 11:15:00,142,E
2006-10-15 11:30:00,136,E
2006-10-15 11:45:00,145,E
2006-10-15 12:00:00,207,E
2006-10-15 12:15:00,143,E
2006-10-15 12:30:00,160,E
2006-10-15 12:45:00,187,E
2006-10-15 13:00:00,172,E
2006-10-15 13:15:00,148,E
2006-10-15 13:30:00,171,E
2006-10-15 13:45:00,147,E
2006-10-15 14:00:00,154,E
2006-10-15 14:15:00,150,E
2006-10-15 14:30:00,127,E
2006-10-15 14:45:00,161,E
2006-10-15 15:00:00,169,E
2006-10-15 15:15:00,147,E
2006-10-15 15:30:00,139,E
2006-10-15 15:45:00,134,E
2006-10-15 16:00:00,157,E
2006-10-15 16:15:00,123,E
2006-10-15 16:30:00,146,E
2006-10-15 16:45:00,136,E
2006-10-15 17:00:00,177,E
2006-10-15 17:15:00,125,E
2006-10-15 17:30:00,155,E
2006-10-15 17:45:00,134,E
2006-10-15 18:00:00,136,E
2006-10-15 18:15:00,107,E
2006-10-15 18:30:00,127,E
2006-10-15 18:45:00,104,E
2006-10-15 19:00:00,108,E
2006-10-15 19:15:00,111,E
2006-10-15 19:30:00,95,E
2006-10-15 19:45:00,94,E
2006-10-15 20:00:00,98,E
2006-10-15 20:15:00,86,E
2006-10-15 20:30:00,73,E
2006-10-15 20:45:00,71,E
2006-10-15 21:00:00,76,E
2006-10-15 21:15:00,75,E
2006-10-15 21:30:00,59,E
2006-10-15 21:45:00,64,E
2006-10-15 22:00:00,46,E
2006-10-15 22:15:00,50,E
2006-10-15 22:30:00,37,E
2006-10-15 22:45:00,38,E
2006-10-15 23:00:00,22,E
2006-10-15 23:15:00,30,E
2006-10-15 23:30:00,24,E
2006-10-15 23:45:00,23,E
2006-10-16 00:00:00,20,E
2006-10-16 00:15:00,21,E
2006-10-16 00:30:00,8,E
2006-10-16 00:45:00,8,E
2006-10-16 01:00:00,9,E
2006-10-16 01:15:00,7,E
2006-10-16 01:30:00,3,E
2006-10-16 01:45:00,6,E
2006-10-16 02:00:00,6,E
2006-10-16 02:15:00,8,E
2006-10-16 02:30:00,3,E
2006-10-16 02:45:00,1,E
2006-10-16 03:00:00,2,E
2006-10-16 03:15:00,4,E
2006-10-16 03:30:00,2,E
2006-10-16 03:45:00,4,E
2006-10-16 04:00:00,8,E
2006-10-16 04:15:00,9,E
2006-10-16 04:30:00,11,E
2006-10-16 04:45:00,16,E
2006-10-16 05:00:00,17,E
2006-10-16 05:15:00,16,E
2006-10-16 05:30:00,26,E
2006-10-16 05:45:00,58,E
2006-10-16 06:00:00,64,E
2006-10-16 06:15:00,81,E
2006-10-16 06:30:00,133,E
2006-10-16 06:45:00,183,E
2006-10-16 07:00:00,227,E
2006-10-16 07:15:00,310,E
2006-10-16 07:30:00,401,E
2006-10-16 07:45:00,498,E
2006-10-16 08:00:00,472,E
2006-10-16 08:15:00,430,E
2006-10-16 08:30:00,455,E
2006-10-16 08:45:00,369,E
2006-10-16 09:00:00,357,E
2006-10-16 09:15:00,282,E
2006-10-16 09:30:00,230,E
2006-10-16 09:45:00,228,E
2006-10-16 10:00:00,196,E
2006-10-16 10:15:00,179,E
2006-10-16 10:30:00,156,E
2006-10-16 10:45:00,150,E
2006-10-16 11:00:00,166,E
2006-10-16 11:15:00,166,E
2006-10-16 11:30:00,156,E
2006-10-16 11:45:00,117,E
2006-10-16 12:00:00,168,E
2006-10-16 12:15:00,155,E
2006-10-16 12:30:00,148,E
2006-10-16 12:45:00,147,E
2006-10-16 13:00:00,155,E
2006-10-16 13:15:00,159,E
2006-10-16 13:30:00,151,E
2006-10-16 13:45:00,163,E
2006-10-16 14:00:00,143,E
2006-10-16 14:15:00,152,E
2006-10-16 14:30:00,155,E
2006-10-16 14:45:00,127,E
2006-10-16 15:00:00,161,E
2006-10-16 15:15:00,166,E
2006-10-16 15:30:00,178,E
2006-10-16 15:45:00,143,E
2006-10-16 16:00:00,178,E
2006-10-16 16:15:00,130,E
2006-10-16 16:30:00,170,E
2006-10-16 16:45:00,137,E
2006-10-16 17:00:00,152,E
2006-10-16 17:15:00,126,E
2006-10-16 17:30:00,203,E
2006-10-16 17:45:00,166,E
2006-10-16 18:00:00,156,E
2006-10-16 18:15:00,151,E
2006-10-16 18:30:00,182,E
2006-10-16 18:45:00,154,E
2006-10-16 19:00:00,162,E
2006-10-16 19:15:00,138,E
2006-10-16 19:30:00,117,E
2006-10-16 19:45:00,89,E
2006-10-16 20:00:00,86,E
2006-10-16 20:15:00,65,E
2006-10-16 20:30:00,79,E
2006-10-16 20:45:00,77,E
2006-10-16 21:00:00,81,E
2006-10-16 21:15:00,42,E
2006-10-16 21:30:00,70,E
2006-10-16 21:45:00,56,E
2006-10-16 22:00:00,55,E
2006-10-16 22:15:00,53,E
2006-10-16 22:30:00,41,E
2006-10-16 22:45:00,42,E
2006-10-16 23:00:00,28,E
2006-10-16 23:15:00,20,E
2006-10-16 23:30:00,27,E
2006-10-16 23:45:00,15,E
2006-10-17 00:00:00,15,E
2006-10-17 00:15:00,13,E
2006-10-17 00:30:00,14,E
2006-10-17 00:45:00,7,E
2006-10-17 01:00:00,4,E
2006-10-17 01:15:00,15,E
2006-10-17 01:30:00,5,E
2006-10-17 01:45:00,7,E
2006-10-17 02:00:00,4,E
2006-10-17 02:15:00,4,E
2006-10-17 02:30:00,4,E
2006-10-17 02:45:00,4,E
2006-10-17 03:00:00,3,E
2006-10-17 03:15:00,3,E
2006-10-17 03:30:00,5,E
2006-10-17 03:45:00,10,E
2006-10-17 04:00:00,2,E
2006-10-17 04:15:00,14,E
2006-10-17 04:30:00,8,E
2006-10-17 04:45:00,10,E
2006-10-17 05:00:00,15,E
2006-10-17 05:15:00,30,E
2006-10-17 05:30:00,35,E
2006-10-17 05:45:00,40,E
2006-10-17 06:00:00,63,E
2006-10-17 06:15:00,89,E
2006-10-17 06:30:00,127,E
2006-10-17 06:45:00,195,E
2006-10-17 07:00:00,248,E
2006-10-17 07:15:00,347,E
2006-10-17 07:30:00,419,E
2006-10-17 07:45:00,496,E
2006-10-17 08:00:00,481,E
2006-10-17 08:15:00,421,E
2006-10-17 08:30:00,424,E
2006-10-17 08:45:00,446,E
2006-10-17 09:00:00,322,E
2006-10-17 09:15:00,271,E
2006-10-17 09:30:00,265,E
2006-10-17 09:45:00,228,E
2006-10-17 10:00:00,183,E
2006-10-17 10:15:00,191,E
2006-10-17 10:30:00,184,E
2006-10-17 10:45:00,173,E
2006-10-17 11:00:00,179,E
2006-10-17 11:15:00,156,E
2006-10-17 11:30:00,166,E
2006-10-17 11:45:00,161,E
2006-10-17 12:00:00,144,E
2006-10-17 12:15:00,156,E
2006-10-17 12:30:00,182,E
2006-10-17 12:45:00,127,E
2006-10-17 13:00:00,143,E
2006-10-17 13:15:00,139,E
2006-10-17 13:30:00,166,E
2006-10-17 13:45:00,155,E
2006-10-17 14:00:00,155,E
2006-10-17 14:15:00,131,E
2006-10-17 14:30:00,121,E
2006-10-17 14:45:00,163,E
2006-10-17 15:00:00,157,E
2006-10-17 15:15:00,159,E
2006-10-17 15:30:00,163,E
2006-10-17 15:45:00,174,E
2006-10-17 16:00:00,143,E
2006-10-17 16:15:00,165,E
2006-10-17 16:30:00,183,E
2006-10-17 16:45:00,143,E
2006-10-17 17:00:00,125,E
2006-10-17 17:15:00,165,E
2006-10-17 17:30:00,179,E
2006-10-17 17:45:00,189,E
2006-10-17 18:00:00,189,E
2006-10-17 18:15:00,175,E
2006-10-17 18:30:00,181,E
2006-10-17 18:45:00,184,E
2006-10-17 19:00:00,171,E
2006-10-17 19:15:00,165,E
2006-10-17 19:30:00,151,E
2006-10-17 19:45:00,128,E
2006-10-17 20:00:00,99,E
2006-10-17 20:15:00,120,E
2006-10-17 20:30:00,64,E
2006-10-17 20:45:00,82,E
2006-10-17 21:00:00,77,E
2006-10-17 21:15:00,75,E
2006-10-17 21:30:00,63,E
2006-10-17 21:45:00,79,E
2006-10-17 22:00:00,56,E
2006-10-17 22:15:00,48,E
2006-10-17 22:30:00,52,E
2006-10-17 22:45:00,42,E
2006-10-17 23:00:00,32,E
2006-10-17 23:15:00,32,E
2006-10-17 23:30:00,24,E
2006-10-17 23:45:00,25,E
2006-10-18 00:00:00,21,E
2006-10-18 00:15:00,24,E
2006-10-18 00:30:00,10,E
2006-10-18 00:45:00,11,E
2006-10-18 01:00:00,8,E
2006-10-18 01:15:00,7,E
2006-10-18 01:30:00,5,E
2006-10-18 01:45:00,5,E
2006-10-18 02:00:00,10,E
2006-10-18 02:15:00,5,E
2006-10-18 02:30:00,3,E
2006-10-18 02:45:00,4,E
2006-10-18 03:00:00,4,E
2006-10-18 03:15:00,5,E
2006-10-18 03:30:00,7,E
2006-10-18 03:45:00,3,E
2006-10-18 04:00:00,6,E
2006-10-18 04:15:00,11,E
2006-10-18 04:30:00,11,E
2006-10-18 04:45:00,10,E
2006-10-18 05:00:00,17,E
2006-10-18 05:15:00,24,E
2006-10-18 05:30:00,35,E
2006-10-18 05:45:00,50,E
2006-10-18 06:00:00,65,E
2006-10-18 06:15:00,94,E
2006-10-18 06:30:00,126,E
2006-10-18 06:45:00,201,E
2006-10-18 07:00:00,267,E
2006-10-18 07:15:00,351,E
2006-10-18 07:30:00,392,E
2006-10-18 07:45:00,500,E
2006-10-18 08:00:00,493,E
2006-10-18 08:15:00,451,E
2006-10-18 08:30:00,414,E
2006-10-18 08:45:00,433,E
2006-10-18 09:00:00,298,E
2006-10-18 09:15:00,331,E
2006-10-18 09:30:00,272,E
2006-10-18 09:45:00,205,E
2006-10-18 10:00:00,232,E
2006-10-18 10:15:00,195,E
2006-10-18 10:30:00,174,E
2006-10-18 10:45:00,164,E
2006-10-18 11:00:00,166,E
2006-10-18 11:15:00,166,E
2006-10-18 11:30:00,124,E
2006-10-18 11:45:00,152,E
2006-10-18 12:00:00,157,E
2006-10-18 12:15:00,147,E
2006-10-18 12:30:00,148,E
2006-10-18 12:45:00,144,E
2006-10-18 13:00:00,150,E
2006-10-18 13:15:00,157,E
2006-10-18 13:30:00,171,E
2006-10-18 13:45:00,161,E
2006-10-18 14:00:00,159,E
2006-10-18 14:15:00,144,E
2006-10-18 14:30:00,132,E
2006-10-18 14:45:00,157,E
2006-10-18 15:00:00,168,E
2006-10-18 15:15:00,177,E
2006-10-18 15:30:00,172,E
2006-10-18 15:45:00,154,E
2006-10-18 16:00:00,152,E
2006-10-18 16:15:00,158,E
2006-10-18 16:30:00,176,E
2006-10-18 16:45:00,185,E
2006-10-18 17:00:00,177,E
2006-10-18 17:15:00,171,E
2006-10-18 17:30:00,173,E
2006-10-18 17:45:00,166,E
2006-10-18 18:00:00,175,E
2006-10-18 18:15:00,176,E
2006-10-18 18:30:00,173,E
2006-10-18 18:45:00,179,E
2006-10-18 19:00:00,166,E
2006-10-18 19:15:00,182,E
2006-10-18 19:30:00,184,E
2006-10-18 19:45:00,129,E
2006-10-18 20:00:00,95,E
2006-10-18 20:15:00,106,E
2006-10-18 20:30:00,82,E
2006-10-18 20:45:00,101,E
2006-10-18 21:00:00,81,E
2006-10-18 21:15:00,70,E
2006-10-18 21:30:00,70,E
2006-10-18 21:45:00,76,E
2006-10-18 22:00:00,85,E
2006-10-18 22:15:00,56,E
2006-10-18 22:30:00,56,E
2006-10-18 22:45:00,64,E
2006-10-18 23:00:00,29,E
2006-10-18 23:15:00,36,E
2006-10-18 23:30:00,40,E
2006-10-18 23:45:00,19,E
2006-10-19 00:00:00,16,E
2006-10-19 00:15:00,13,E
2006-10-19 00:30:00,14,E
2006-10-19 00:45:00,17,E
2006-10-19 01:00:00,6,E
2006-10-19 01:15:00,8,E
2006-10-19 01:30:00,4,E
2006-10-19 01:45:00,9,E
2006-10-19 02:00:00,10,E
2006-10-19 02:15:00,10,E
2006-10-19 02:30:00,11,E
2006-10-19 02:45:00,10,E
2006-10-19 03:00:00,8,E
2006-10-19 03:15:00,5,E
2006-10-19 03:30:00,3,E
2006-10-19 03:45:00,7,E
2006-10-19 04:00:00,2,E
2006-10-19 04:15:00,7,E
2006-10-19 04:30:00,13,E
2006-10-19 04:45:00,15,E
2006-10-19 05:00:00,18,E
2006-10-19 05:15:00,25,E
2006-10-19 05:30:00,42,E
2006-10-19 05:45:00,63,E
2006-10-19 06:00:00,56,E
2006-10-19 06:15:00,90,E
2006-10-19 06:30:00,142,E
2006-10-19 06:45:00,202,E
2006-10-19 07:00:00,259,E
2006-10-19 07:15:00,318,E
2006-10-19 07:30:00,423,E
2006-10-19 07:45:00,424,E
2006-10-19 08:00:00,402,E
2006-10-19 08:15:00,485,E
2006-10-19 08:30:00,445,E
2006-10-19 08:45:00,395,E
2006-10-19 09:00:00,306,E
2006-10-19 09:15:00,319,E
2006-10-19 09:30:00,276,E
2006-10-19 09:45:00,252,E
2006-10-19 10:00:00,236,E
2006-10-19 10:15:00,200,E
2006-10-19 10:30:00,199,E
2006-10-19 10:45:00,202,E
2006-10-19 11:00:00,158,E
2006-10-19 11:15:00,175,E
2006-10-19 11:30:00,139,E
2006-10-19 11:45:00,161,E
2006-10-19 12:00:00,150,E
2006-10-19 12:15:00,189,E
2006-10-19 12:30:00,164,E
2006-10-19 12:45:00,163,E
2006-10-19 13:00:00,161,E
2006-10-19 13:15:00,140,E
2006-10-19 13:30:00,161,E
2006-10-19 13:45:00,146,E
2006-10-19 14:00:00,168,E
2006-10-19 14:15:00,153,E
2006-10-19 14:30:00,158,E
2006-10-19 14:45:00,125,E
2006-10-19 15:00:00,167,E
2006-10-19 15:15:00,170,E
2006-10-19 15:30:00,184,E
2006-10-19 15:45:00,166,E
2006-10-19 16:00:00,150,E
2006-10-19 16:15:00,143,E
2006-10-19 16:30:00,170,E
2006-10-19 16:45:00,120,E
2006-10-19 17:00:00,178,E
2006-10-19 17:15:00,174,E
2006-10-19 17:30:00,204,E
2006-10-19 17:45:00,169,E
2006-10-19 18:00:00,173,E
2006-10-19 18:15:00,188,E
2006-10-19 18:30:00,166,E
2006-10-19 18:45:00,167,E
2006-10-19 19:00:00,153,E
2006-10-19 19:15:00,158,E
2006-10-19 19:30:00,160,E
2006-10-19 19:45:00,129,E
2006-10-19 20:00:00,143,E
2006-10-19 20:15:00,90,E
2006-10-19 20:30:00,104,E
2006-10-19 20:45:00,82,E
2006-10-19 21:00:00,81,E
2006-10-19 21:15:00,83,E
2006-10-19 21:30:00,84,E
2006-10-19 21:45:00,81,E
2006-10-19 22:00:00,68,E
2006-10-19 22:15:00,55,E
2006-10-19 22:30:00,59,E
2006-10-19 22:45:00,72,E
2006-10-19 23:00:00,36,E
2006-10-19 23:15:00,41,E
2006-10-19 23:30:00,32,E
2006-10-19 23:45:00,24,E
2006-10-20 00:00:00,21,E
2006-10-20 00:15:00,16,E
2006-10-20 00:30:00,13,E
2006-10-20 00:45:00,12,E
2006-10-20 01:00:00,12,E
2006-10-20 01:15:00,13,E
2006-10-20 01:30:00,7,E
2006-10-20 01:45:00,7,E
2006-10-20 02:00:00,10,E
2006-10-20 02:15:00,11,E
2006-10-20 02:30:00,8,E
2006-10-20 02:45:00,5,E
2006-10-20 03:00:00,4,E
2006-10-20 03:15:00,6,E
2006-10-20 03:30:00,12,E
2006-10-20 03:45:00,9,E
2006-10-20 04:00:00,10,E
2006-10-20 04:15:00,10,E
2006-10-20 04:30:00,8,E
2006-10-20 04:45:00,11,E
2006-10-20 05:00:00,17,E
2006-10-20 05:15:00,17,E
2006-10-20 05:30:00,32,E
2006-10-20 05:45:00,54,E
2006-10-20 06:00:00,69,E
2006-10-20 06:15:00,86,E
2006-10-20 06:30:00,144,E
2006-10-20 06:45:00,181,E
2006-10-20 07:00:00,238,E
2006-10-20 07:15:00,322,E
2006-10-20 07:30:00,405,E
2006-10-20 07:45:00,493,E
2006-10-20 08:00:00,411,E
2006-10-20 08:15:00,486,E
2006-10-20 08:30:00,432,E
2006-10-20 08:45:00,412,E
2006-10-20 09:00:00,299,E
2006-10-20 09:15:00,273,E
2006-10-20 09:30:00,246,E
2006-10-20 09:45:00,232,E
2006-10-20 10:00:00,210,E
2006-10-20 10:15:00,224,E
2006-10-20 10:30:00,210,E
2006-10-20 10:45:00,197,E
2006-10-20 11:00:00,160,E
2006-10-20 11:15:00,173,E
2006-10-20 11:30:00,174,E
2006-10-20 11:45:00,166,E
2006-10-20 12:00:00,168,E
2006-10-20 12:15:00,146,E
2006-10-20 12:30:00,162,E
2006-10-20 12:45:00,181,E
2006-10-20 13:00:00,172,E
2006-10-20 13:15:00,161,E
2006-10-20 13:30:00,160,E
2006-10-20 13:45:00,173,E
2006-10-20 14:00:00,181,E
2006-10-20 14:15:00,169,E
2006-10-20 14:30:00,170,E
2006-10-20 14:45:00,163,E
2006-10-20 15:00:00,161,E
2006-10-20 15:15:00,217,E
2006-10-20 15:30:00,200,E
2006-10-20 15:45:00,169,E
2006-10-20 16:00:00,158,E
2006-10-20 16:15:00,168,E
2006-10-20 16:30:00,159,E
2006-10-20 16:45:00,164,E
2006-10-20 17:00:00,126,E
2006-10-20 17:15:00,171,E
2006-10-20 17:30:00,146,E
2006-10-20 17:45:00,182,E
2006-10-20 18:00:00,155,E
2006-10-20 18:15:00,182,E
2006-10-20 18:30:00,157,E
2006-10-20 18:45:00,223,E
2006-10-20 19:00:00,164,E
2006-10-20 19:15:00,149,E
2006-10-20 19:30:00,155,E
2006-10-20 19:45:00,120,E
2006-10-20 20:00:00,143,E
2006-10-20 20:15:00,106,E
2006-10-20 20:30:00,86,E
2006-10-20 20:45:00,96,E
2006-10-20 21:00:00,102,E
2006-10-20 21:15:00,89,E
2006-10-20 21:30:00,84,E
2006-10-20 21:45:00,83,E
2006-10-20 22:00:00,74,E
2006-10-20 22:15:00,50,E
2006-10-20 22:30:00,59,E
2006-10-20 22:45:00,61,E
2006-10-20 23:00:00,55,E
2006-10-20 23:15:00,59,E
2006-10-20 23:30:00,50,E
2006-10-20 23:45:00,55,E
2006-10-21 00:00:00,36,E
2006-10-21 00:15:00,28,E
2006-10-21 00:30:00,27,E
2006-10-21 00:45:00,26,E
2006-10-21 01:00:00,22,E
2006-10-21 01:15:00,26,E
2006-10-21 01:30:00,21,E
2006-10-21 01:45:00,15,E
2006-10-21 02:00:00,12,E
2006-10-21 02:15:00,14,E
2006-10-21 02:30:00,14,E
2006-10-21 02:45:00,7,E
2006-10-21 03:00:00,7,E
2006-10-21 03:15:00,11,E
2006-10-21 03:30:00,14,E
2006-10-21 03:45:00,10,E
2006-10-21 04:00:00,10,E
2006-10-21 04:15:00,5,E
2006-10-21 04:30:00,8,E
2006-10-21 04:45:00,12,E
2006-10-21 05:00:00,17,E
2006-10-21 05:15:00,11,E
2006-10-21 05:30:00,16,E
2006-10-21 05:45:00,30,E
2006-10-21 06:00:00,34,E
2006-10-21 06:15:00,40,E
2006-10-21 06:30:00,59,E
2006-10-21 06:45:00,62,E
2006-10-21 07:00:00,67,E
2006-10-21 07:15:00,78,E
2006-10-21 07:30:00,69,E
2006-10-21 07:45:00,111,E
2006-10-21 08:00:00,112,E
2006-10-21 08:15:00,124,E
2006-10-21 08:30:00,160,E
2006-10-21 08:45:00,185,E
2006-10-21 09:00:00,188,E
2006-10-21 09:15:00,165,E
2006-10-21 09:30:00,197,E
2006-10-21 09:45:00,204,E
2006-10-21 10:00:00,198,E
2006-10-21 10:15:00,188,E
2006-10-21 10:30:00,208,E
2006-10-21 10:45:00,200,E
2006-10-21 11:00:00,209,E
2006-10-21 11:15:00,170,E
2006-10-21 11:30:00,213,E
2006-10-21 11:45:00,219,E
2006-10-21 12:00:00,234,E
2006-10-21 12:15:00,198,E
2006-10-21 12:30:00,209,E
2006-10-21 12:45:00,156,E
2006-10-21 13:00:00,203,E
2006-10-21 13:15:00,182,E
2006-10-21 13:30:00,172,E
2006-10-21 13:45:00,178,E
2006-10-21 14:00:00,187,E
2006-10-21 14:15:00,176,E
2006-10-21 14:30:00,147,E
2006-10-21 14:45:00,178,E
2006-10-21 15:00:00,145,E
2006-10-21 15:15:00,123,E
2006-10-21 15:30:00,144,E
2006-10-21 15:45:00,150,E
2006-10-21 16:00:00,156,E
2006-10-21 16:15:00,154,E
2006-10-21 16:30:00,143,E
2006-10-21 16:45:00,162,E
2006-10-21 17:00:00,132,E
2006-10-21 17:15:00,187,E
2006-10-21 17:30:00,148,E
2006-10-21 17:45:00,146,E
2006-10-21 18:00:00,160,E
2006-10-21 18:15:00,159,E
2006-10-21 18:30:00,176,E
2006-10-21 18:45:00,183,E
2006-10-21 19:00:00,165,E
2006-10-21 19:15:00,158,E
2006-10-21 19:30:00,152,E
2006-10-21 19:45:00,138,E
2006-10-21 20:00:00,137,E
2006-10-21 20:15:00,106,E
2006-10-21 20:30:00,110,E
2006-10-21 20:45:00,84,E
2006-10-21 21:00:00,89,E
2006-10-21 21:15:00,78,E
2006-10-21 21:30:00,75,E
2006-10-21 21:45:00,63,E
2006-10-21 22:00:00,65,E
2006-10-21 22:15:00,66,E
2006-10-21 22:30:00,73,E
2006-10-21 22:45:00,54,E
2006-10-21 23:00:00,71,E
2006-10-21 23:15:00,71,E
2006-10-21 23:30:00,68,E
2006-10-21 23:45:00,72,E
2006-10-22 00:00:00,74,E
2006-10-22 00:15:00,61,E
2006-10-22 00:30:00,43,E
2006-10-22 00:45:00,48,E
2006-10-22 01:00:00,47,E
2006-10-22 01:15:00,33,E
2006-10-22 01:30:00,40,E
2006-10-22 01:45:00,22,E
2006-10-22 02:00:00,24,E
2006-10-22 02:15:00,27,E
2006-10-22 02:30:00,12,E
2006-10-22 02:45:00,22,E
2006-10-22 03:00:00,16,E
2006-10-22 03:15:00,22,E
2006-10-22 03:30:00,14,E
2006-10-22 03:45:00,28,E
2006-10-22 04:00:00,9,E
2006-10-22 04:15:00,24,E
2006-10-22 04:30:00,15,E
2006-10-22 04:45:00,15,E
2006-10-22 05:00:00,8,E
2006-10-22 05:15:00,24,E
2006-10-22 05:30:00,14,E
2006-10-22 05:45:00,15,E
2006-10-22 06:00:00,21,E
2006-10-22 06:15:00,16,E
2006-10-22 06:30:00,27,E
2006-10-22 06:45:00,45,E
2006-10-22 07:00:00,38,E
2006-10-22 07:15:00,32,E
2006-10-22 07:30:00,39,E
2006-10-22 07:45:00,46,E
2006-10-22 08:00:00,54,E
2006-10-22 08:15:00,59,E
2006-10-22 08:30:00,66,E
2006-10-22 08:45:00,79,E
2006-10-22 09:00:00,113,E
2006-10-22 09:15:00,104,E
2006-10-22 09:30:00,110,E
2006-10-22 09:45:00,137,E
2006-10-22 10:00:00,174,E
2006-10-22 10:15:00,150,E
2006-10-22 10:30:00,156,E
2006-10-22 10:45:00,152,E
2006-10-22 11:00:00,163,E
2006-10-22 11:15:00,132,E
2006-10-22 11:30:00,134,E
2006-10-22 11:45:00,162,E
2006-10-22 12:00:00,146,E
2006-10-22 12:15:00,152,E
2006-10-22 12:30:00,161,E
2006-10-22 12:45:00,180,E
2006-10-22 13:00:00,165,E
2006-10-22 13:15:00,157,E
2006-10-22 13:30:00,145,E
2006-10-22 13:45:00,160,E
2006-10-22 14:00:00,171,E
2006-10-22 14:15:00,149,E
2006-10-22 14:30:00,152,E
2006-10-22 14:45:00,135,E
2006-10-22 15:00:00,146,E
2006-10-22 15:15:00,134,E
2006-10-22 15:30:00,130,E
2006-10-22 15:45:00,144,E
2006-10-22 16:00:00,130,E
2006-10-22 16:15:00,129,E
2006-10-22 16:30:00,145,E
2006-10-22 16:45:00,134,E
2006-10-22 17:00:00,182,E
2006-10-22 17:15:00,167,E
2006-10-22 17:30:00,149,E
2006-10-22 17:45:00,140,E
2006-10-22 18:00:00,138,E
2006-10-22 18:15:00,148,E
2006-10-22 18:30:00,123,E
2006-10-22 18:45:00,118,E
2006-10-22 19:00:00,117,E
2006-10-22 19:15:00,94,E
2006-10-22 19:30:00,99,E
2006-10-22 19:45:00,79,E
2006-10-22 20:00:00,79,E
2006-10-22 20:15:00,78,E
2006-10-22 20:30:00,64,E
2006-10-22 20:45:00,70,E
2006-10-22 21:00:00,62,E
2006-10-22 21:15:00,75,E
2006-10-22 21:30:00,55,E
2006-10-22 21:45:00,57,E
2006-10-22 22:00:00,43,E
2006-10-22 22:15:00,44,E
2006-10-22 22:30:00,34,E
2006-10-22 22:45:00,40,E
2006-10-22 23:00:00,27,E
2006-10-22 23:15:00,30,E
2006-10-22 23:30:00,22,E
2006-10-22 23:45:00,26,E
2006-10-23 00:00:00,10,E
2006-10-23 00:15:00,14,E
2006-10-23 00:30:00,11,E
2006-10-23 00:45:00,8,E
2006-10-23 01:00:00,7,E
2006-10-23 01:15:00,4,E
2006-10-23 01:30:00,11,E
2006-10-23 01:45:00,7,E
2006-10-23 02:00:00,6,E
2006-10-23 02:15:00,11,E
2006-10-23 02:30:00,3,E
2006-10-23 02:45:00,3,E
2006-10-23 03:00:00,2,E
2006-10-23 03:15:00,0,E
2006-10-23 03:30:00,8,E
2006-10-23 03:45:00,8,E
2006-10-23 04:00:00,5,E
2006-10-23 04:15:00,7,E
2006-10-23 04:30:00,9,E
2006-10-23 04:45:00,17,E
2006-10-23 05:00:00,21,E
2006-10-23 05:15:00,19,E
2006-10-23 05:30:00,35,E
2006-10-23 05:45:00,67,E
2006-10-23 06:00:00,49,E
2006-10-23 06:15:00,76,E
2006-10-23 06:30:00,119,E
2006-10-23 06:45:00,185,E
2006-10-23 07:00:00,263,E
2006-10-23 07:15:00,327,E
2006-10-23 07:30:00,417,E
2006-10-23 07:45:00,456,E
2006-10-23 08:00:00,448,E
2006-10-23 08:15:00,469,E
2006-10-23 08:30:00,390,E
2006-10-23 08:45:00,389,E
2006-10-23 09:00:00,344,E
2006-10-23 09:15:00,273,E
2006-10-23 09:30:00,239,E
2006-10-23 09:45:00,200,E
2006-10-23 10:00:00,199,E
2006-10-23 10:15:00,151,E
2006-10-23 10:30:00,169,E
2006-10-23 10:45:00,171,E
2006-10-23 11:00:00,178,E
2006-10-23 11:15:00,149,E
2006-10-23 11:30:00,152,E
2006-10-23 11:45:00,168,E
2006-10-23 12:00:00,142,E
2006-10-23 12:15:00,138,E
2006-10-23 12:30:00,132,E
2006-10-23 12:45:00,147,E
2006-10-23 13:00:00,162,E
2006-10-23 13:15:00,142,E
2006-10-23 13:30:00,151,E
2006-10-23 13:45:00,147,E
2006-10-23 14:00:00,149,E
2006-10-23 14:15:00,157,E
2006-10-23 14:30:00,147,E
2006-10-23 14:45:00,152,E
2006-10-23 15:00:00,144,E
2006-10-23 15:15:00,163,E
2006-10-23 15:30:00,163,E
2006-10-23 15:45:00,168,E
2006-10-23 16:00:00,151,E
2006-10-23 16:15:00,144,E
2006-10-23 16:30:00,168,E
2006-10-23 16:45:00,127,E
2006-10-23 17:00:00,174,E
2006-10-23 17:15:00,138,E
2006-10-23 17:30:00,190,E
2006-10-23 17:45:00,166,E
2006-10-23 18:00:00,165,E
2006-10-23 18:15:00,157,E
2006-10-23 18:30:00,159,E
2006-10-23 18:45:00,141,E
2006-10-23 19:00:00,163,E
2006-10-23 19:15:00,158,E
2006-10-23 19:30:00,108,E
2006-10-23 19:45:00,87,E
2006-10-23 20:00:00,96,E
2006-10-23 20:15:00,59,E
2006-10-23 20:30:00,72,E
2006-10-23 20:45:00,87,E
2006-10-23 21:00:00,65,E
2006-10-23 21:15:00,65,E
2006-10-23 21:30:00,51,E
2006-10-23 21:45:00,50,E
2006-10-23 22:00:00,74,E
2006-10-23 22:15:00,41,E
2006-10-23 22:30:00,43,E
2006-10-23 22:45:00,39,E
2006-10-23 23:00:00,25,E
2006-10-23 23:15:00,25,E
2006-10-23 23:30:00,21,E
2006-10-23 23:45:00,11,E
2006-10-24 00:00:00,12,E
2006-10-24 00:15:00,12,E
2006-10-24 00:30:00,10,E
2006-10-24 00:45:00,9,E
2006-10-24 01:00:00,8,E
2006-10-24 01:15:00,9,E
2006-10-24 01:30:00,11,E
2006-10-24 01:45:00,3,E
2006-10-24 02:00:00,2,E
2006-10-24 02:15:00,7,E
2006-10-24 02:30:00,5,E
2006-10-24 02:45:00,2,E
2006-10-24 03:00:00,5,E
2006-10-24 03:15:00,3,E
2006-10-24 03:30:00,6,E
2006-10-24 03:45:00,9,E
2006-10-24 04:00:00,6,E
2006-10-24 04:15:00,7,E
2006-10-24 04:30:00,12,E
2006-10-24 04:45:00,8,E
2006-10-24 05:00:00,21,E
2006-10-24 05:15:00,26,E
2006-10-24 05:30:00,43,E
2006-10-24 05:45:00,59,E
2006-10-24 06:00:00,60,E
2006-10-24 06:15:00,84,E
2006-10-24 06:30:00,152,E
2006-10-24 06:45:00,177,E
2006-10-24 07:00:00,249,E
2006-10-24 07:15:00,331,E
2006-10-24 07:30:00,427,E
2006-10-24 07:45:00,491,E
2006-10-24 08:00:00,454,E
2006-10-24 08:15:00,454,E
2006-10-24 08:30:00,396,E
2006-10-24 08:45:00,470,E
2006-10-24 09:00:00,391,E
2006-10-24 09:15:00,291,E
2006-10-24 09:30:00,258,E
2006-10-24 09:45:00,262,E
2006-10-24 10:00:00,212,E
2006-10-24 10:15:00,178,E
2006-10-24 10:30:00,181,E
2006-10-24 10:45:00,156,E
2006-10-24 11:00:00,148,E
2006-10-24 11:15:00,163,E
2006-10-24 11:30:00,182,E
2006-10-24 11:45:00,162,E
2006-10-24 12:00:00,172,E
2006-10-24 12:15:00,146,E
2006-10-24 12:30:00,143,E
2006-10-24 12:45:00,129,E
2006-10-24 13:00:00,144,E
2006-10-24 13:15:00,148,E
2006-10-24 13:30:00,138,E
2006-10-24 13:45:00,178,E
2006-10-24 14:00:00,160,E
2006-10-24 14:15:00,162,E
2006-10-24 14:30:00,144,E
2006-10-24 14:45:00,159,E
2006-10-24 15:00:00,157,E
2006-10-24 15:15:00,167,E
2006-10-24 15:30:00,187,E
2006-10-24 15:45:00,143,E
2006-10-24 16:00:00,148,E
2006-10-24 16:15:00,115,E
2006-10-24 16:30:00,159,E
2006-10-24 16:45:00,175,E
2006-10-24 17:00:00,157,E
2006-10-24 17:15:00,160,E
2006-10-24 17:30:00,166,E
2006-10-24 17:45:00,155,E
2006-10-24 18:00:00,157,E
2006-10-24 18:15:00,172,E
2006-10-24 18:30:00,172,E
2006-10-24 18:45:00,145,E
2006-10-24 19:00:00,174,E
2006-10-24 19:15:00,144,E
2006-10-24 19:30:00,165,E
2006-10-24 19:45:00,123,E
2006-10-24 20:00:00,117,E
2006-10-24 20:15:00,109,E
2006-10-24 20:30:00,90,E
2006-10-24 20:45:00,82,E
2006-10-24 21:00:00,66,E
2006-10-24 21:15:00,75,E
2006-10-24 21:30:00,79,E
2006-10-24 21:45:00,82,E
2006-10-24 22:00:00,53,E
2006-10-24 22:15:00,72,E
2006-10-24 22:30:00,55,E
2006-10-24 22:45:00,45,E
2006-10-24 23:00:00,37,E
2006-10-24 23:15:00,29,E
2006-10-24 23:30:00,26,E
2006-10-24 23:45:00,25,E
2006-10-25 00:00:00,13,E
2006-10-25 00:15:00,9,E
2006-10-25 00:30:00,11,E
2006-10-25 00:45:00,12,E
2006-10-25 01:00:00,4,E
2006-10-25 01:15:00,5,E
2006-10-25 01:30:00,3,E
2006-10-25 01:45:00,3,E
2006-10-25 02:00:00,3,E
2006-10-25 02:15:00,3,E
2006-10-25 02:30:00,2,E
2006-10-25 02:45:00,0,E
2006-10-25 03:00:00,3,E
2006-10-25 03:15:00,5,E
2006-10-25 03:30:00,3,E
2006-10-25 03:45:00,3,E
2006-10-25 04:00:00,4,E
2006-10-25 04:15:00,7,E
2006-10-25 04:30:00,13,E
2006-10-25 04:45:00,13,E
2006-10-25 05:00:00,11,E
2006-10-25 05:15:00,24,E
2006-10-25 05:30:00,27,E
2006-10-25 05:45:00,56,E
2006-10-25 06:00:00,84,E
2006-10-25 06:15:00,77,E
2006-10-25 06:30:00,119,E
2006-10-25 06:45:00,189,E
2006-10-25 07:00:00,272,E
2006-10-25 07:15:00,317,E
2006-10-25 07:30:00,401,E
2006-10-25 07:45:00,455,E
2006-10-25 08:00:00,476,E
2006-10-25 08:15:00,411,E
2006-10-25 08:30:00,424,E
2006-10-25 08:45:00,389,E
2006-10-25 09:00:00,361,E
2006-10-25 09:15:00,299,E
2006-10-25 09:30:00,263,E
2006-10-25 09:45:00,276,E
2006-10-25 10:00:00,223,E
2006-10-25 10:15:00,166,E
2006-10-25 10:30:00,186,E
2006-10-25 10:45:00,175,E
2006-10-25 11:00:00,174,E
2006-10-25 11:15:00,178,E
2006-10-25 11:30:00,155,E
2006-10-25 11:45:00,182,E
2006-10-25 12:00:00,166,E
2006-10-25 12:15:00,144,E
2006-10-25 12:30:00,187,E
2006-10-25 12:45:00,170,E
2006-10-25 13:00:00,153,E
2006-10-25 13:15:00,146,E
2006-10-25 13:30:00,157,E
2006-10-25 13:45:00,165,E
2006-10-25 14:00:00,179,E
2006-10-25 14:15:00,149,E
2006-10-25 14:30:00,148,E
2006-10-25 14:45:00,149,E
2006-10-25 15:00:00,171,E
2006-10-25 15:15:00,159,E
2006-10-25 15:30:00,161,E
2006-10-25 15:45:00,165,E
2006-10-25 16:00:00,165,E
2006-10-25 16:15:00,165,E
2006-10-25 16:30:00,183,E
2006-10-25 16:45:00,155,E
2006-10-25 17:00:00,121,E
2006-10-25 17:15:00,176,E
2006-10-25 17:30:00,195,E
2006-10-25 17:45:00,150,E
2006-10-25 18:00:00,175,E
2006-10-25 18:15:00,186,E
2006-10-25 18:30:00,161,E
2006-10-25 18:45:00,156,E
2006-10-25 19:00:00,173,E
2006-10-25 19:15:00,145,E
2006-10-25 19:30:00,120,E
2006-10-25 19:45:00,101,E
2006-10-25 20:00:00,107,E
2006-10-25 20:15:00,97,E
2006-10-25 20:30:00,86,E
2006-10-25 20:45:00,83,E
2006-10-25 21:00:00,57,E
2006-10-25 21:15:00,75,E
2006-10-25 21:30:00,75,E
2006-10-25 21:45:00,58,E
2006-10-25 22:00:00,60,E
2006-10-25 22:15:00,64,E
2006-10-25 22:30:00,69,E
2006-10-25 22:45:00,49,E
2006-10-25 23:00:00,41,E
2006-10-25 23:15:00,29,E
2006-10-25 23:30:00,18,E
2006-10-25 23:45:00,23,E
2006-10-26 00:00:00,14,E
2006-10-26 00:15:00,9,E
2006-10-26 00:30:00,14,E
2006-10-26 00:45:00,5,E
2006-10-26 01:00:00,4,E
2006-10-26 01:15:00,8,E
2006-10-26 01:30:00,9,E
2006-10-26 01:45:00,4,E
2006-10-26 02:00:00,4,E
2006-10-26 02:15:00,5,E
2006-10-26 02:30:00,8,E
2006-10-26 02:45:00,5,E
2006-10-26 03:00:00,6,E
2006-10-26 03:15:00,7,E
2006-10-26 03:30:00,3,E
2006-10-26 03:45:00,8,E
2006-10-26 04:00:00,7,E
2006-10-26 04:15:00,5,E
2006-10-26 04:30:00,8,E
2006-10-26 04:45:00,15,E
2006-10-26 05:00:00,15,E
2006-10-26 05:15:00,24,E
2006-10-26 05:30:00,35,E
2006-10-26 05:45:00,66,E
2006-10-26 06:00:00,65,E
2006-10-26 06:15:00,100,E
2006-10-26 06:30:00,131,E
2006-10-26 06:45:00,199,E
2006-10-26 07:00:00,291,E
2006-10-26 07:15:00,322,E
2006-10-26 07:30:00,424,E
2006-10-26 07:45:00,445,E
2006-10-26 08:00:00,515,E
2006-10-26 08:15:00,460,E
2006-10-26 08:30:00,449,E
2006-10-26 08:45:00,424,E
2006-10-26 09:00:00,383,E
2006-10-26 09:15:00,283,E
2006-10-26 09:30:00,257,E
2006-10-26 09:45:00,256,E
2006-10-26 10:00:00,227,E
2006-10-26 10:15:00,167,E
2006-10-26 10:30:00,186,E
2006-10-26 10:45:00,172,E
2006-10-26 11:00:00,203,E
2006-10-26 11:15:00,148,E
2006-10-26 11:30:00,145,E
2006-10-26 11:45:00,167,E
2006-10-26 12:00:00,165,E
2006-10-26 12:15:00,171,E
2006-10-26 12:30:00,155,E
2006-10-26 12:45:00,158,E
2006-10-26 13:00:00,166,E
2006-10-26 13:15:00,167,E
2006-10-26 13:30:00,173,E
2006-10-26 13:45:00,153,E
2006-10-26 14:00:00,174,E
2006-10-26 14:15:00,135,E
2006-10-26 14:30:00,140,E
2006-10-26 14:45:00,150,E
2006-10-26 15:00:00,158,E
2006-10-26 15:15:00,168,E
2006-10-26 15:30:00,168,E
2006-10-26 15:45:00,190,E
2006-10-26 16:00:00,148,E
2006-10-26 16:15:00,167,E
2006-10-26 16:30:00,154,E
2006-10-26 16:45:00,149,E
2006-10-26 17:00:00,145,E
2006-10-26 17:15:00,165,E
2006-10-26 17:30:00,167,E
2006-10-26 17:45:00,175,E
2006-10-26 18:00:00,179,E
2006-10-26 18:15:00,193,E
2006-10-26 18:30:00,161,E
2006-10-26 18:45:00,191,E
2006-10-26 19:00:00,150,E
2006-10-26 19:15:00,135,E
2006-10-26 19:30:00,164,E
2006-10-26 19:45:00,110,E
2006-10-26 20:00:00,118,E
2006-10-26 20:15:00,102,E
2006-10-26 20:30:00,88,E
2006-10-26 20:45:00,88,E
2006-10-26 21:00:00,83,E
2006-10-26 21:15:00,71,E
2006-10-26 21:30:00,107,E
2006-10-26 21:45:00,82,E
2006-10-26 22:00:00,75,E
2006-10-26 22:15:00,52,E
2006-10-26 22:30:00,40,E
2006-10-26 22:45:00,51,E
2006-10-26 23:00:00,58,E
2006-10-26 23:15:00,38,E
2006-10-26 23:30:00,39,E
2006-10-26 23:45:00,27,E
2006-10-27 00:00:00,32,E
2006-10-27 00:15:00,19,E
2006-10-27 00:30:00,12,E
2006-10-27 00:45:00,14,E
2006-10-27 01:00:00,8,E
2006-10-27 01:15:00,13,E
2006-10-27 01:30:00,11,E
2006-10-27 01:45:00,7,E
2006-10-27 02:00:00,11,E
2006-10-27 02:15:00,8,E
2006-10-27 02:30:00,6,E
2006-10-27 02:45:00,4,E
2006-10-27 03:00:00,6,E
2006-10-27 03:15:00,4,E
2006-10-27 03:30:00,6,E
2006-10-27 03:45:00,10,E
2006-10-27 04:00:00,7,E
2006-10-27 04:15:00,8,E
2006-10-27 04:30:00,9,E
2006-10-27 04:45:00,13,E
2006-10-27 05:00:00,13,E
2006-10-27 05:15:00,22,E
2006-10-27 05:30:00,33,E
2006-10-27 05:45:00,41,E
2006-10-27 06:00:00,62,E
2006-10-27 06:15:00,82,E
2006-10-27 06:30:00,126,E
2006-10-27 06:45:00,206,E
2006-10-27 07:00:00,273,E
2006-10-27 07:15:00,302,E
2006-10-27 07:30:00,446,E
2006-10-27 07:45:00,442,E
2006-10-27 08:00:00,455,E
2006-10-27 08:15:00,472,E
2006-10-27 08:30:00,415,E
2006-10-27 08:45:00,391,E
2006-10-27 09:00:00,328,E
2006-10-27 09:15:00,299,E
2006-10-27 09:30:00,259,E
2006-10-27 09:45:00,221,E
2006-10-27 10:00:00,220,E
2006-10-27 10:15:00,178,E
2006-10-27 10:30:00,180,E
2006-10-27 10:45:00,177,E
2006-10-27 11:00:00,167,E
2006-10-27 11:15:00,171,E
2006-10-27 11:30:00,157,E
2006-10-27 11:45:00,175,E
2006-10-27 12:00:00,200,E
2006-10-27 12:15:00,154,E
2006-10-27 12:30:00,160,E
2006-10-27 12:45:00,156,E
2006-10-27 13:00:00,155,E
2006-10-27 13:15:00,142,E
2006-10-27 13:30:00,167,E
2006-10-27 13:45:00,162,E
2006-10-27 14:00:00,162,E
2006-10-27 14:15:00,139,E
2006-10-27 14:30:00,161,E
2006-10-27 14:45:00,143,E
2006-10-27 15:00:00,158,E
2006-10-27 15:15:00,182,E
2006-10-27 15:30:00,181,E
2006-10-27 15:45:00,137,E
2006-10-27 16:00:00,183,E
2006-10-27 16:15:00,189,E
2006-10-27 16:30:00,175,E
2006-10-27 16:45:00,150,E
2006-10-27 17:00:00,140,E
2006-10-27 17:15:00,166,E
2006-10-27 17:30:00,184,E
2006-10-27 17:45:00,188,E
2006-10-27 18:00:00,197,E
2006-10-27 18:15:00,198,E
2006-10-27 18:30:00,201,E
2006-10-27 18:45:00,176,E
2006-10-27 19:00:00,170,E
2006-10-27 19:15:00,166,E
2006-10-27 19:30:00,162,E
2006-10-27 19:45:00,143,E
2006-10-27 20:00:00,132,E
2006-10-27 20:15:00,101,E
2006-10-27 20:30:00,109,E
2006-10-27 20:45:00,96,E
2006-10-27 21:00:00,79,E
2006-10-27 21:15:00,79,E
2006-10-27 21:30:00,73,E
2006-10-27 21:45:00,84,E
2006-10-27 22:00:00,57,E
2006-10-27 22:15:00,55,E
2006-10-27 22:30:00,59,E
2006-10-27 22:45:00,55,E
2006-10-27 23:00:00,52,E
2006-10-27 23:15:00,52,E
2006-10-27 23:30:00,50,E
2006-10-27 23:45:00,32,E
2006-10-28 00:00:00,49,E
2006-10-28 00:15:00,24,E
2006-10-28 00:30:00,30,E
2006-10-28 00:45:00,36,E
2006-10-28 01:00:00,23,E
2006-10-28 01:15:00,20,E
2006-10-28 01:30:00,14,E
2006-10-28 01:45:00,15,E
2006-10-28 02:00:00,12,E
2006-10-28 02:15:00,14,E
2006-10-28 02:30:00,14,E
2006-10-28 02:45:00,16,E
2006-10-28 03:00:00,13,E
2006-10-28 03:15:00,23,E
2006-10-28 03:30:00,11,E
2006-10-28 03:45:00,8,E
2006-10-28 04:00:00,6,E
2006-10-28 04:15:00,9,E
2006-10-28 04:30:00,16,E
2006-10-28 04:45:00,9,E
2006-10-28 05:00:00,12,E
2006-10-28 05:15:00,9,E
2006-10-28 05:30:00,11,E
2006-10-28 05:45:00,25,E
2006-10-28 06:00:00,41,E
2006-10-28 06:15:00,27,E
2006-10-28 06:30:00,55,E
2006-10-28 06:45:00,75,E
2006-10-28 07:00:00,72,E
2006-10-28 07:15:00,54,E
2006-10-28 07:30:00,74,E
2006-10-28 07:45:00,98,E
2006-10-28 08:00:00,108,E
2006-10-28 08:15:00,106,E
2006-10-28 08:30:00,150,E
2006-10-28 08:45:00,178,E
2006-10-28 09:00:00,199,E
2006-10-28 09:15:00,151,E
2006-10-28 09:30:00,194,E
2006-10-28 09:45:00,171,E
2006-10-28 10:00:00,211,E
2006-10-28 10:15:00,180,E
2006-10-28 10:30:00,204,E
2006-10-28 10:45:00,210,E
2006-10-28 11:00:00,198,E
2006-10-28 11:15:00,176,E
2006-10-28 11:30:00,181,E
2006-10-28 11:45:00,209,E
2006-10-28 12:00:00,200,E
2006-10-28 12:15:00,179,E
2006-10-28 12:30:00,186,E
2006-10-28 12:45:00,167,E
2006-10-28 13:00:00,191,E
2006-10-28 13:15:00,187,E
2006-10-28 13:30:00,174,E
2006-10-28 13:45:00,163,E
2006-10-28 14:00:00,183,E
2006-10-28 14:15:00,165,E
2006-10-28 14:30:00,171,E
2006-10-28 14:45:00,190,E
2006-10-28 15:00:00,156,E
2006-10-28 15:15:00,145,E
2006-10-28 15:30:00,169,E
2006-10-28 15:45:00,149,E
2006-10-28 16:00:00,159,E
2006-10-28 16:15:00,171,E
2006-10-28 16:30:00,149,E
2006-10-28 16:45:00,149,E
2006-10-28 17:00:00,174,E
2006-10-28 17:15:00,166,E
2006-10-28 17:30:00,160,E
2006-10-28 17:45:00,155,E
2006-10-28 18:00:00,158,E
2006-10-28 18:15:00,162,E
2006-10-28 18:30:00,170,E
2006-10-28 18:45:00,189,E
2006-10-28 19:00:00,175,E
2006-10-28 19:15:00,195,E
2006-10-28 19:30:00,184,E
2006-10-28 19:45:00,145,E
2006-10-28 20:00:00,136,E
2006-10-28 20:15:00,108,E
2006-10-28 20:30:00,91,E
2006-10-28 20:45:00,93,E
2006-10-28 21:00:00,89,E
2006-10-28 21:15:00,94,E
2006-10-28 21:30:00,76,E
2006-10-28 21:45:00,63,E
2006-10-28 22:00:00,57,E
2006-10-28 22:15:00,53,E
2006-10-28 22:30:00,67,E
2006-10-28 22:45:00,69,E
2006-10-28 23:00:00,56,E
2006-10-28 23:15:00,59,E
2006-10-28 23:30:00,48,E
2006-10-28 23:45:00,56,E
2006-10-29 00:00:00,51,E
2006-10-29 00:15:00,48,E
2006-10-29 00:30:00,53,E
2006-10-29 00:45:00,43,E
2006-10-29 01:00:00,32,E
2006-10-29 01:15:00,35,E
2006-10-29 01:30:00,25,E
2006-10-29 01:45:00,22,E
2006-10-29 02:00:00,0,E
2006-10-29 02:15:00,0,E
2006-10-29 02:30:00,0,E
2006-10-29 02:45:00,0,E
2006-10-29 03:00:00,18,E
2006-10-29 03:15:00,21,E
2006-10-29 03:30:00,16,E
2006-10-29 03:45:00,21,E
2006-10-29 04:00:00,16,E
2006-10-29 04:15:00,16,E
2006-10-29 04:30:00,18,E
2006-10-29 04:45:00,9,E
2006-10-29 05:00:00,11,E
2006-10-29 05:15:00,16,E
2006-10-29 05:30:00,18,E
2006-10-29 05:45:00,16,E
2006-10-29 06:00:00,16,E
2006-10-29 06:15:00,23,E
2006-10-29 06:30:00,35,E
2006-10-29 06:45:00,33,E
2006-10-29 07:00:00,44,E
2006-10-29 07:15:00,22,E
2006-10-29 07:30:00,38,E
2006-10-29 07:45:00,46,E
2006-10-29 08:00:00,54,E
2006-10-29 08:15:00,57,E
2006-10-29 08:30:00,60,E
2006-10-29 08:45:00,61,E
2006-10-29 09:00:00,78,E
2006-10-29 09:15:00,89,E
2006-10-29 09:30:00,107,E
2006-10-29 09:45:00,97,E
2006-10-29 10:00:00,155,E
2006-10-29 10:15:00,94,E
2006-10-29 10:30:00,160,E
2006-10-29 10:45:00,137,E
2006-10-29 11:00:00,122,E
2006-10-29 11:15:00,151,E
2006-10-29 11:30:00,152,E
2006-10-29 11:45:00,145,E
2006-10-29 12:00:00,169,E
2006-10-29 12:15:00,142,E
2006-10-29 12:30:00,177,E
2006-10-29 12:45:00,160,E
2006-10-29 13:00:00,179,E
2006-10-29 13:15:00,152,E
2006-10-29 13:30:00,160,E
2006-10-29 13:45:00,151,E
2006-10-29 14:00:00,152,E
2006-10-29 14:15:00,141,E
2006-10-29 14:30:00,147,E
2006-10-29 14:45:00,161,E
2006-10-29 15:00:00,147,E
2006-10-29 15:15:00,153,E
2006-10-29 15:30:00,136,E
2006-10-29 15:45:00,127,E
2006-10-29 16:00:00,165,E
2006-10-29 16:15:00,153,E
2006-10-29 16:30:00,135,E
2006-10-29 16:45:00,132,E
2006-10-29 17:00:00,170,E
2006-10-29 17:15:00,161,E
2006-10-29 17:30:00,147,E
2006-10-29 17:45:00,144,E
2006-10-29 18:00:00,136,E
2006-10-29 18:15:00,137,E
2006-10-29 18:30:00,114,E
2006-10-29 18:45:00,106,E
2006-10-29 19:00:00,125,E
2006-10-29 19:15:00,84,E
2006-10-29 19:30:00,100,E
2006-10-29 19:45:00,74,E
2006-10-29 20:00:00,91,E
2006-10-29 20:15:00,67,E
2006-10-29 20:30:00,60,E
2006-10-29 20:45:00,73,E
2006-10-29 21:00:00,80,E
2006-10-29 21:15:00,65,E
2006-10-29 21:30:00,62,E
2006-10-29 21:45:00,65,E
2006-10-29 22:00:00,52,E
2006-10-29 22:15:00,57,E
2006-10-29 22:30:00,52,E
2006-10-29 22:45:00,45,E
2006-10-29 23:00:00,39,E
2006-10-29 23:15:00,28,E
2006-10-29 23:30:00,26,E
2006-10-29 23:45:00,18,E
2006-10-30 00:00:00,19,E
2006-10-30 00:15:00,14,E
2006-10-30 00:30:00,11,E
2006-10-30 00:45:00,11,E
2006-10-30 01:00:00,9,E
2006-10-30 01:15:00,8,E
2006-10-30 01:30:00,9,E
2006-10-30 01:45:00,9,E
2006-10-30 02:00:00,5,E
2006-10-30 02:15:00,10,E
2006-10-30 02:30:00,3,E
2006-10-30 02:45:00,3,E
2006-10-30 03:00:00,3,E
2006-10-30 03:15:00,2,E
2006-10-30 03:30:00,2,E
2006-10-30 03:45:00,8,E
2006-10-30 04:00:00,7,E
2006-10-30 04:15:00,9,E
2006-10-30 04:30:00,7,E
2006-10-30 04:45:00,9,E
2006-10-30 05:00:00,18,E
2006-10-30 05:15:00,16,E
2006-10-30 05:30:00,27,E
2006-10-30 05:45:00,49,E
2006-10-30 06:00:00,61,E
2006-10-30 06:15:00,71,E
2006-10-30 06:30:00,103,E
2006-10-30 06:45:00,188,E
2006-10-30 07:00:00,227,E
2006-10-30 07:15:00,284,E
2006-10-30 07:30:00,378,E
2006-10-30 07:45:00,461,E
2006-10-30 08:00:00,495,E
2006-10-30 08:15:00,463,E
2006-10-30 08:30:00,453,E
2006-10-30 08:45:00,387,E
2006-10-30 09:00:00,338,E
2006-10-30 09:15:00,300,E
2006-10-30 09:30:00,246,E
2006-10-30 09:45:00,227,E
2006-10-30 10:00:00,192,E
2006-10-30 10:15:00,188,E
2006-10-30 10:30:00,164,E
2006-10-30 10:45:00,178,E
2006-10-30 11:00:00,155,E
2006-10-30 11:15:00,159,E
2006-10-30 11:30:00,157,E
2006-10-30 11:45:00,147,E
2006-10-30 12:00:00,160,E
2006-10-30 12:15:00,134,E
2006-10-30 12:30:00,165,E
2006-10-30 12:45:00,140,E
2006-10-30 13:00:00,72,E
2006-10-30 13:15:00,76,E
2006-10-30 13:30:00,135,E
2006-10-30 13:45:00,127,E
2006-10-30 14:00:00,207,E
2006-10-30 14:15:00,145,E
2006-10-30 14:30:00,163,E
2006-10-30 14:45:00,142,E
2006-10-30 15:00:00,149,E
2006-10-30 15:15:00,179,E
2006-10-30 15:30:00,179,E
2006-10-30 15:45:00,158,E
2006-10-30 16:00:00,148,E
2006-10-30 16:15:00,154,E
2006-10-30 16:30:00,160,E
2006-10-30 16:45:00,149,E
2006-10-30 17:00:00,178,E
2006-10-30 17:15:00,165,E
2006-10-30 17:30:00,165,E
2006-10-30 17:45:00,168,E
2006-10-30 18:00:00,137,E
2006-10-30 18:15:00,161,E
2006-10-30 18:30:00,161,E
2006-10-30 18:45:00,153,E
2006-10-30 19:00:00,143,E
2006-10-30 19:15:00,129,E
2006-10-30 19:30:00,102,E
2006-10-30 19:45:00,96,E
2006-10-30 20:00:00,100,E
2006-10-30 20:15:00,74,E
2006-10-30 20:30:00,92,E
2006-10-30 20:45:00,71,E
2006-10-30 21:00:00,55,E
2006-10-30 21:15:00,68,E
2006-10-30 21:30:00,60,E
2006-10-30 21:45:00,48,E
2006-10-30 22:00:00,57,E
2006-10-30 22:15:00,67,E
2006-10-30 22:30:00,46,E
2006-10-30 22:45:00,40,E
2006-10-30 23:00:00,31,E
2006-10-30 23:15:00,25,E
2006-10-30 23:30:00,33,E
2006-10-30 23:45:00,22,E
2006-10-31 00:00:00,14,E
2006-10-31 00:15:00,12,E
2006-10-31 00:30:00,9,E
2006-10-31 00:45:00,8,E
2006-10-31 01:00:00,6,E
2006-10-31 01:15:00,4,E
2006-10-31 01:30:00,4,E
2006-10-31 01:45:00,2,E
2006-10-31 02:00:00,9,E
2006-10-31 02:15:00,7,E
2006-10-31 02:30:00,4,E
2006-10-31 02:45:00,5,E
2006-10-31 03:00:00,7,E
2006-10-31 03:15:00,2,E
2006-10-31 03:30:00,6,E
2006-10-31 03:45:00,4,E
2006-10-31 04:00:00,2,E
2006-10-31 04:15:00,10,E
2006-10-31 04:30:00,12,E
2006-10-31 04:45:00,11,E
2006-10-31 05:00:00,15,E
2006-10-31 05:15:00,23,E
2006-10-31 05:30:00,29,E
2006-10-31 05:45:00,53,E
2006-10-31 06:00:00,51,E
2006-10-31 06:15:00,96,E
2006-10-31 06:30:00,107,E
2006-10-31 06:45:00,177,E
2006-10-31 07:00:00,262,E
2006-10-31 07:15:00,271,E
2006-10-31 07:30:00,418,E
2006-10-31 07:45:00,434,E
2006-10-31 08:00:00,450,E
2006-10-31 08:15:00,422,E
2006-10-31 08:30:00,487,E
2006-10-31 08:45:00,429,E
2006-10-31 09:00:00,346,E
2006-10-31 09:15:00,309,E
2006-10-31 09:30:00,276,E
2006-10-31 09:45:00,213,E
2006-10-31 10:00:00,205,E
2006-10-31 10:15:00,162,E
2006-10-31 10:30:00,181,E
2006-10-31 10:45:00,166,E
2006-10-31 11:00:00,160,E
2006-10-31 11:15:00,168,E
2006-10-31 11:30:00,161,E
2006-10-31 11:45:00,154,E
2006-10-31 12:00:00,139,E
2006-10-31 12:15:00,137,E
2006-10-31 12:30:00,121,E
2006-10-31 12:45:00,166,E
2006-10-31 13:00:00,156,E
2006-10-31 13:15:00,176,E
2006-10-31 13:30:00,175,E
2006-10-31 13:45:00,181,E
2006-10-31 14:00:00,187,E
2006-10-31 14:15:00,134,E
2006-10-31 14:30:00,164,E
2006-10-31 14:45:00,147,E
2006-10-31 15:00:00,155,E
2006-10-31 15:15:00,164,E
2006-10-31 15:30:00,166,E
2006-10-31 15:45:00,175,E
2006-10-31 16:00:00,170,E
2006-10-31 16:15:00,122,E
2006-10-31 16:30:00,160,E
2006-10-31 16:45:00,159,E
2006-10-31 17:00:00,158,E
2006-10-31 17:15:00,194,E
2006-10-31 17:30:00,140,E
2006-10-31 17:45:00,173,E
2006-10-31 18:00:00,171,E
2006-10-31 18:15:00,191,E
2006-10-31 18:30:00,163,E
2006-10-31 18:45:00,150,E
2006-10-31 19:00:00,158,E
2006-10-31 19:15:00,156,E
2006-10-31 19:30:00,171,E
2006-10-31 19:45:00,117,E
2006-10-31 20:00:00,111,E
2006-10-31 20:15:00,93,E
2006-10-31 20:30:00,104,E
2006-10-31 20:45:00,89,E
2006-10-31 21:00:00,77,E
2006-10-31 21:15:00,76,E
2006-10-31 21:30:00,86,E
2006-10-31 21:45:00,69,E
2006-10-31 22:00:00,55,E
2006-10-31 22:15:00,71,E
2006-10-31 22:30:00,53,E
2006-10-31 22:45:00,52,E
2006-10-31 23:00:00,34,E
2006-10-31 23:15:00,29,E
2006-10-31 23:30:00,19,E
2006-10-31 23:45:00,24,E
2006-11-01 00:00:00,15,E
2006-10-01 00:15:00,1,NW
2006-10-01 00:30:00,2,NW
2006-10-01 00:45:00,1,NW
2006-10-01 01:00:00,0,NW
2006-10-01 01:15:00,0,NW
2006-10-01 01:30:00,0,NW
2006-10-01 01:45:00,2,NW
2006-10-01 02:00:00,1,NW
2006-10-01 02:15:00,1,NW
2006-10-01 02:30:00,2,NW
2006-10-01 02:45:00,0,NW
2006-10-01 03:00:00,0,NW
2006-10-01 03:15:00,0,NW
2006-10-01 03:30:00,0,NW
2006-10-01 03:45:00,1,NW
2006-10-01 04:00:00,0,NW
2006-10-01 04:15:00,0,NW
2006-10-01 04:30:00,0,NW
2006-10-01 04:45:00,0,NW
2006-10-01 05:00:00,0,NW
2006-10-01 05:15:00,0,NW
2006-10-01 05:30:00,0,NW
2006-10-01 05:45:00,1,NW
2006-10-01 06:00:00,1,NW
2006-10-01 06:15:00,0,NW
2006-10-01 06:30:00,0,NW
2006-10-01 06:45:00,0,NW
2006-10-01 07:00:00,3,NW
2006-10-01 07:15:00,0,NW
2006-10-01 07:30:00,0,NW
2006-10-01 07:45:00,2,NW
2006-10-01 08:00:00,4,NW
2006-10-01 08:15:00,0,NW
2006-10-01 08:30:00,0,NW
2006-10-01 08:45:00,4,NW
2006-10-01 09:00:00,6,NW
2006-10-01 09:15:00,6,NW
2006-10-01 09:30:00,7,NW
2006-10-01 09:45:00,3,NW
2006-10-01 10:00:00,8,NW
2006-10-01 10:15:00,3,NW
2006-10-01 10:30:00,11,NW
2006-10-01 10:45:00,1,NW
2006-10-01 11:00:00,10,NW
2006-10-01 11:15:00,9,NW
2006-10-01 11:30:00,4,NW
2006-10-01 11:45:00,7,NW
2006-10-01 12:00:00,9,NW
2006-10-01 12:15:00,17,NW
2006-10-01 12:30:00,7,NW
2006-10-01 12:45:00,11,NW
2006-10-01 13:00:00,5,NW
2006-10-01 13:15:00,5,NW
2006-10-01 13:30:00,2,NW
2006-10-01 13:45:00,5,NW
2006-10-01 14:00:00,8,NW
2006-10-01 14:15:00,8,NW
2006-10-01 14:30:00,10,NW
2006-10-01 14:45:00,5,NW
2006-10-01 15:00:00,9,NW
2006-10-01 15:15:00,8,NW
2006-10-01 15:30:00,9,NW
2006-10-01 15:45:00,9,NW
2006-10-01 16:00:00,12,NW
2006-10-01 16:15:00,4,NW
2006-10-01 16:30:00,14,NW
2006-10-01 16:45:00,5,NW
2006-10-01 17:00:00,5,NW
2006-10-01 17:15:00,10,NW
2006-10-01 17:30:00,12,NW
2006-10-01 17:45:00,6,NW
2006-10-01 18:00:00,5,NW
2006-10-01 18:15:00,14,NW
2006-10-01 18:30:00,7,NW
2006-10-01 18:45:00,5,NW
2006-10-01 19:00:00,2,NW
2006-10-01 19:15:00,6,NW
2006-10-01 19:30:00,3,NW
2006-10-01 19:45:00,3,NW
2006-10-01 20:00:00,5,NW
2006-10-01 20:15:00,1,NW
2006-10-01 20:30:00,5,NW
2006-10-01 20:45:00,4,NW
2006-10-01 21:00:00,3,NW
2006-10-01 21:15:00,1,NW
2006-10-01 21:30:00,4,NW
2006-10-01 21:45:00,0,NW
2006-10-01 22:00:00,5,NW
2006-10-01 22:15:00,0,NW
2006-10-01 22:30:00,1,NW
2006-10-01 22:45:00,1,NW
2006-10-01 23:00:00,0,NW
2006-10-01 23:15:00,7,NW
2006-10-01 23:30:00,0,NW
2006-10-01 23:45:00,0,NW
2006-10-02 00:00:00,2,NW
2006-10-02 00:15:00,1,NW
2006-10-02 00:30:00,1,NW
2006-10-02 00:45:00,0,NW
2006-10-02 01:00:00,0,NW
2006-10-02 01:15:00,1,NW
2006-10-02 01:30:00,0,NW
2006-10-02 01:45:00,2,NW
2006-10-02 02:00:00,0,NW
2006-10-02 02:15:00,0,NW
2006-10-02 02:30:00,1,NW
2006-10-02 02:45:00,0,NW
2006-10-02 03:00:00,0,NW
2006-10-02 03:15:00,0,NW
2006-10-02 03:30:00,0,NW
2006-10-02 03:45:00,0,NW
2006-10-02 04:00:00,1,NW
2006-10-02 04:15:00,0,NW
2006-10-02 04:30:00,1,NW
2006-10-02 04:45:00,0,NW
2006-10-02 05:00:00,0,NW
2006-10-02 05:15:00,0,NW
2006-10-02 05:30:00,0,NW
2006-10-02 05:45:00,3,NW
2006-10-02 06:00:00,0,NW
2006-10-02 06:15:00,1,NW
2006-10-02 06:30:00,2,NW
2006-10-02 06:45:00,6,NW
2006-10-02 07:00:00,7,NW
2006-10-02 07:15:00,5,NW
2006-10-02 07:30:00,10,NW
2006-10-02 07:45:00,10,NW
2006-10-02 08:00:00,19,NW
2006-10-02 08:15:00,19,NW
2006-10-02 08:30:00,16,NW
2006-10-02 08:45:00,17,NW
2006-10-02 09:00:00,15,NW
2006-10-02 09:15:00,16,NW
2006-10-02 09:30:00,12,NW
2006-10-02 09:45:00,6,NW
2006-10-02 10:00:00,16,NW
2006-10-02 10:15:00,3,NW
2006-10-02 10:30:00,10,NW
2006-10-02 10:45:00,9,NW
2006-10-02 11:00:00,11,NW
2006-10-02 11:15:00,7,NW
2006-10-02 11:30:00,8,NW
2006-10-02 11:45:00,5,NW
2006-10-02 12:00:00,12,NW
2006-10-02 12:15:00,9,NW
2006-10-02 12:30:00,12,NW
2006-10-02 12:45:00,10,NW
2006-10-02 13:00:00,11,NW
2006-10-02 13:15:00,9,NW
2006-10-02 13:30:00,9,NW
2006-10-02 13:45:00,9,NW
2006-10-02 14:00:00,8,NW
2006-10-02 14:15:00,12,NW
2006-10-02 14:30:00,8,NW
2006-10-02 14:45:00,13,NW
2006-10-02 15:00:00,15,NW
2006-10-02 15:15:00,10,NW
2006-10-02 15:30:00,17,NW
2006-10-02 15:45:00,16,NW
2006-10-02 16:00:00,20,NW
2006-10-02 16:15:00,16,NW
2006-10-02 16:30:00,14,NW
2006-10-02 16:45:00,21,NW
2006-10-02 17:00:00,10,NW
2006-10-02 17:15:00,18,NW
2006-10-02 17:30:00,29,NW
2006-10-02 17:45:00,27,NW
2006-10-02 18:00:00,24,NW
2006-10-02 18:15:00,19,NW
2006-10-02 18:30:00,14,NW
2006-10-02 18:45:00,19,NW
2006-10-02 19:00:00,15,NW
2006-10-02 19:15:00,24,NW
2006-10-02 19:30:00,12,NW
2006-10-02 19:45:00,8,NW
2006-10-02 20:00:00,10,NW
2006-10-02 20:15:00,14,NW
2006-10-02 20:30:00,5,NW
2006-10-02 20:45:00,4,NW
2006-10-02 21:00:00,7,NW
2006-10-02 21:15:00,2,NW
2006-10-02 21:30:00,6,NW
2006-10-02 21:45:00,1,NW
2006-10-02 22:00:00,1,NW
2006-10-02 22:15:00,5,NW
2006-10-02 22:30:00,6,NW
2006-10-02 22:45:00,2,NW
2006-10-02 23:00:00,3,NW
2006-10-02 23:15:00,2,NW
2006-10-02 23:30:00,1,NW
2006-10-02 23:45:00,1,NW
2006-10-03 00:00:00,3,NW
2006-10-03 00:15:00,2,NW
2006-10-03 00:30:00,1,NW
2006-10-03 00:45:00,0,NW
2006-10-03 01:00:00,0,NW
2006-10-03 01:15:00,0,NW
2006-10-03 01:30:00,0,NW
2006-10-03 01:45:00,0,NW
2006-10-03 02:00:00,0,NW
2006-10-03 02:15:00,0,NW
2006-10-03 02:30:00,0,NW
2006-10-03 02:45:00,0,NW
2006-10-03 03:00:00,0,NW
2006-10-03 03:15:00,0,NW
2006-10-03 03:30:00,0,NW
2006-10-03 03:45:00,0,NW
2006-10-03 04:00:00,0,NW
2006-10-03 04:15:00,0,NW
2006-10-03 04:30:00,0,NW
2006-10-03 04:45:00,1,NW
2006-10-03 05:00:00,0,NW
2006-10-03 05:15:00,1,NW
2006-10-03 05:30:00,0,NW
2006-10-03 05:45:00,1,NW
2006-10-03 06:00:00,0,NW
2006-10-03 06:15:00,1,NW
2006-10-03 06:30:00,2,NW
2006-10-03 06:45:00,5,NW
2006-10-03 07:00:00,3,NW
2006-10-03 07:15:00,4,NW
2006-10-03 07:30:00,8,NW
2006-10-03 07:45:00,22,NW
2006-10-03 08:00:00,19,NW
2006-10-03 08:15:00,28,NW
2006-10-03 08:30:00,18,NW
2006-10-03 08:45:00,18,NW
2006-10-03 09:00:00,15,NW
2006-10-03 09:15:00,11,NW
2006-10-03 09:30:00,8,NW
2006-10-03 09:45:00,6,NW
2006-10-03 10:00:00,10,NW
2006-10-03 10:15:00,9,NW
2006-10-03 10:30:00,5,NW
2006-10-03 10:45:00,9,NW
2006-10-03 11:00:00,8,NW
2006-10-03 11:15:00,10,NW
2006-10-03 11:30:00,5,NW
2006-10-03 11:45:00,10,NW
2006-10-03 12:00:00,8,NW
2006-10-03 12:15:00,9,NW
2006-10-03 12:30:00,10,NW
2006-10-03 12:45:00,2,NW
2006-10-03 13:00:00,15,NW
2006-10-03 13:15:00,10,NW
2006-10-03 13:30:00,11,NW
2006-10-03 13:45:00,3,NW
2006-10-03 14:00:00,15,NW
2006-10-03 14:15:00,9,NW
2006-10-03 14:30:00,13,NW
2006-10-03 14:45:00,7,NW
2006-10-03 15:00:00,10,NW
2006-10-03 15:15:00,11,NW
2006-10-03 15:30:00,23,NW
2006-10-03 15:45:00,23,NW
2006-10-03 16:00:00,14,NW
2006-10-03 16:15:00,18,NW
2006-10-03 16:30:00,24,NW
2006-10-03 16:45:00,27,NW
2006-10-03 17:00:00,21,NW
2006-10-03 17:15:00,18,NW
2006-10-03 17:30:00,42,NW
2006-10-03 17:45:00,23,NW
2006-10-03 18:00:00,21,NW
2006-10-03 18:15:00,20,NW
2006-10-03 18:30:00,29,NW
2006-10-03 18:45:00,21,NW
2006-10-03 19:00:00,15,NW
2006-10-03 19:15:00,17,NW
2006-10-03 19:30:00,8,NW
2006-10-03 19:45:00,5,NW
2006-10-03 20:00:00,10,NW
2006-10-03 20:15:00,5,NW
2006-10-03 20:30:00,5,NW
2006-10-03 20:45:00,5,NW
2006-10-03 21:00:00,5,NW
2006-10-03 21:15:00,2,NW
2006-10-03 21:30:00,3,NW
2006-10-03 21:45:00,3,NW
2006-10-03 22:00:00,1,NW
2006-10-03 22:15:00,6,NW
2006-10-03 22:30:00,5,NW
2006-10-03 22:45:00,3,NW
2006-10-03 23:00:00,3,NW
2006-10-03 23:15:00,5,NW
2006-10-03 23:30:00,1,NW
2006-10-03 23:45:00,3,NW
2006-10-04 00:00:00,0,NW
2006-10-04 00:15:00,1,NW
2006-10-04 00:30:00,0,NW
2006-10-04 00:45:00,1,NW
2006-10-04 01:00:00,1,NW
2006-10-04 01:15:00,0,NW
2006-10-04 01:30:00,0,NW
2006-10-04 01:45:00,1,NW
2006-10-04 02:00:00,0,NW
2006-10-04 02:15:00,1,NW
2006-10-04 02:30:00,1,NW
2006-10-04 02:45:00,0,NW
2006-10-04 03:00:00,1,NW
2006-10-04 03:15:00,0,NW
2006-10-04 03:30:00,1,NW
2006-10-04 03:45:00,0,NW
2006-10-04 04:00:00,0,NW
2006-10-04 04:15:00,0,NW
2006-10-04 04:30:00,0,NW
2006-10-04 04:45:00,0,NW
2006-10-04 05:00:00,0,NW
2006-10-04 05:15:00,2,NW
2006-10-04 05:30:00,0,NW
2006-10-04 05:45:00,2,NW
2006-10-04 06:00:00,0,NW
2006-10-04 06:15:00,2,NW
2006-10-04 06:30:00,1,NW
2006-10-04 06:45:00,4,NW
2006-10-04 07:00:00,5,NW
2006-10-04 07:15:00,5,NW
2006-10-04 07:30:00,9,NW
2006-10-04 07:45:00,15,NW
2006-10-04 08:00:00,27,NW
2006-10-04 08:15:00,22,NW
2006-10-04 08:30:00,18,NW
2006-10-04 08:45:00,16,NW
2006-10-04 09:00:00,18,NW
2006-10-04 09:15:00,6,NW
2006-10-04 09:30:00,17,NW
2006-10-04 09:45:00,12,NW
2006-10-04 10:00:00,9,NW
2006-10-04 10:15:00,14,NW
2006-10-04 10:30:00,9,NW
2006-10-04 10:45:00,16,NW
2006-10-04 11:00:00,7,NW
2006-10-04 11:15:00,9,NW
2006-10-04 11:30:00,11,NW
2006-10-04 11:45:00,13,NW
2006-10-04 12:00:00,14,NW
2006-10-04 12:15:00,7,NW
2006-10-04 12:30:00,14,NW
2006-10-04 12:45:00,5,NW
2006-10-04 13:00:00,12,NW
2006-10-04 13:15:00,8,NW
2006-10-04 13:30:00,12,NW
2006-10-04 13:45:00,7,NW
2006-10-04 14:00:00,20,NW
2006-10-04 14:15:00,9,NW
2006-10-04 14:30:00,11,NW
2006-10-04 14:45:00,6,NW
2006-10-04 15:00:00,12,NW
2006-10-04 15:15:00,25,NW
2006-10-04 15:30:00,13,NW
2006-10-04 15:45:00,11,NW
2006-10-04 16:00:00,24,NW
2006-10-04 16:15:00,20,NW
2006-10-04 16:30:00,11,NW
2006-10-04 16:45:00,14,NW
2006-10-04 17:00:00,23,NW
2006-10-04 17:15:00,21,NW
2006-10-04 17:30:00,26,NW
2006-10-04 17:45:00,22,NW
2006-10-04 18:00:00,31,NW
2006-10-04 18:15:00,39,NW
2006-10-04 18:30:00,23,NW
2006-10-04 18:45:00,18,NW
2006-10-04 19:00:00,0,NW
2006-10-04 19:15:00,0,NW
2006-10-04 19:30:00,7,NW
2006-10-04 19:45:00,5,NW
2006-10-04 20:00:00,0,NW
2006-10-04 20:15:00,0,NW
2006-10-04 20:30:00,7,NW
2006-10-04 20:45:00,0,NW
2006-10-04 21:00:00,2,NW
2006-10-04 21:15:00,4,NW
2006-10-04 21:30:00,2,NW
2006-10-04 21:45:00,4,NW
2006-10-04 22:00:00,5,NW
2006-10-04 22:15:00,1,NW
2006-10-04 22:30:00,1,NW
2006-10-04 22:45:00,3,NW
2006-10-04 23:00:00,6,NW
2006-10-04 23:15:00,2,NW
2006-10-04 23:30:00,1,NW
2006-10-04 23:45:00,1,NW
2006-10-05 00:00:00,1,NW
2006-10-05 00:15:00,4,NW
2006-10-05 00:30:00,1,NW
2006-10-05 00:45:00,1,NW
2006-10-05 01:00:00,0,NW
2006-10-05 01:15:00,0,NW
2006-10-05 01:30:00,0,NW
2006-10-05 01:45:00,0,NW
2006-10-05 02:00:00,0,NW
2006-10-05 02:15:00,0,NW
2006-10-05 02:30:00,1,NW
2006-10-05 02:45:00,0,NW
2006-10-05 03:00:00,1,NW
2006-10-05 03:15:00,1,NW
2006-10-05 03:30:00,0,NW
2006-10-05 03:45:00,0,NW
2006-10-05 04:00:00,0,NW
2006-10-05 04:15:00,1,NW
2006-10-05 04:30:00,0,NW
2006-10-05 04:45:00,0,NW
2006-10-05 05:00:00,1,NW
2006-10-05 05:15:00,0,NW
2006-10-05 05:30:00,1,NW
2006-10-05 05:45:00,2,NW
2006-10-05 06:00:00,1,NW
2006-10-05 06:15:00,2,NW
2006-10-05 06:30:00,0,NW
2006-10-05 06:45:00,2,NW
2006-10-05 07:00:00,6,NW
2006-10-05 07:15:00,9,NW
2006-10-05 07:30:00,10,NW
2006-10-05 07:45:00,14,NW
2006-10-05 08:00:00,23,NW
2006-10-05 08:15:00,20,NW
2006-10-05 08:30:00,14,NW
2006-10-05 08:45:00,24,NW
2006-10-05 09:00:00,15,NW
2006-10-05 09:15:00,15,NW
2006-10-05 09:30:00,7,NW
2006-10-05 09:45:00,0,NW
2006-10-05 10:00:00,9,NW
2006-10-05 10:15:00,4,NW
2006-10-05 10:30:00,11,NW
2006-10-05 10:45:00,8,NW
2006-10-05 11:00:00,12,NW
2006-10-05 11:15:00,13,NW
2006-10-05 11:30:00,14,NW
2006-10-05 11:45:00,7,NW
2006-10-05 12:00:00,15,NW
2006-10-05 12:15:00,10,NW
2006-10-05 12:30:00,9,NW
2006-10-05 12:45:00,5,NW
2006-10-05 13:00:00,16,NW
2006-10-05 13:15:00,7,NW
2006-10-05 13:30:00,7,NW
2006-10-05 13:45:00,5,NW
2006-10-05 14:00:00,12,NW
2006-10-05 14:15:00,12,NW
2006-10-05 14:30:00,12,NW
2006-10-05 14:45:00,12,NW
2006-10-05 15:00:00,13,NW
2006-10-05 15:15:00,20,NW
2006-10-05 15:30:00,16,NW
2006-10-05 15:45:00,22,NW
2006-10-05 16:00:00,16,NW
2006-10-05 16:15:00,14,NW
2006-10-05 16:30:00,18,NW
2006-10-05 16:45:00,23,NW
2006-10-05 17:00:00,22,NW
2006-10-05 17:15:00,15,NW
2006-10-05 17:30:00,19,NW
2006-10-05 17:45:00,30,NW
2006-10-05 18:00:00,28,NW
2006-10-05 18:15:00,36,NW
2006-10-05 18:30:00,22,NW
2006-10-05 18:45:00,14,NW
2006-10-05 19:00:00,17,NW
2006-10-05 19:15:00,8,NW
2006-10-05 19:30:00,10,NW
2006-10-05 19:45:00,7,NW
2006-10-05 20:00:00,9,NW
2006-10-05 20:15:00,14,NW
2006-10-05 20:30:00,6,NW
2006-10-05 20:45:00,2,NW
2006-10-05 21:00:00,5,NW
2006-10-05 21:15:00,5,NW
2006-10-05 21:30:00,4,NW
2006-10-05 21:45:00,2,NW
2006-10-05 22:00:00,5,NW
2006-10-05 22:15:00,13,NW
2006-10-05 22:30:00,2,NW
2006-10-05 22:45:00,3,NW
2006-10-05 23:00:00,1,NW
2006-10-05 23:15:00,3,NW
2006-10-05 23:30:00,2,NW
2006-10-05 23:45:00,3,NW
2006-10-06 00:00:00,2,NW
2006-10-06 00:15:00,0,NW
2006-10-06 00:30:00,0,NW
2006-10-06 00:45:00,1,NW
2006-10-06 01:00:00,0,NW
2006-10-06 01:15:00,1,NW
2006-10-06 01:30:00,0,NW
2006-10-06 01:45:00,0,NW
2006-10-06 02:00:00,0,NW
2006-10-06 02:15:00,0,NW
2006-10-06 02:30:00,1,NW
2006-10-06 02:45:00,0,NW
2006-10-06 03:00:00,1,NW
2006-10-06 03:15:00,0,NW
2006-10-06 03:30:00,0,NW
2006-10-06 03:45:00,1,NW
2006-10-06 04:00:00,1,NW
2006-10-06 04:15:00,0,NW
2006-10-06 04:30:00,0,NW
2006-10-06 04:45:00,0,NW
2006-10-06 05:00:00,0,NW
2006-10-06 05:15:00,1,NW
2006-10-06 05:30:00,0,NW
2006-10-06 05:45:00,1,NW
2006-10-06 06:00:00,1,NW
2006-10-06 06:15:00,0,NW
2006-10-06 06:30:00,2,NW
2006-10-06 06:45:00,4,NW
2006-10-06 07:00:00,3,NW
2006-10-06 07:15:00,2,NW
2006-10-06 07:30:00,15,NW
2006-10-06 07:45:00,15,NW
2006-10-06 08:00:00,28,NW
2006-10-06 08:15:00,31,NW
2006-10-06 08:30:00,26,NW
2006-10-06 08:45:00,24,NW
2006-10-06 09:00:00,12,NW
2006-10-06 09:15:00,15,NW
2006-10-06 09:30:00,15,NW
2006-10-06 09:45:00,10,NW
2006-10-06 10:00:00,13,NW
2006-10-06 10:15:00,8,NW
2006-10-06 10:30:00,13,NW
2006-10-06 10:45:00,8,NW
2006-10-06 11:00:00,10,NW
2006-10-06 11:15:00,6,NW
2006-10-06 11:30:00,18,NW
2006-10-06 11:45:00,10,NW
2006-10-06 12:00:00,14,NW
2006-10-06 12:15:00,4,NW
2006-10-06 12:30:00,7,NW
2006-10-06 12:45:00,12,NW
2006-10-06 13:00:00,12,NW
2006-10-06 13:15:00,12,NW
2006-10-06 13:30:00,11,NW
2006-10-06 13:45:00,5,NW
2006-10-06 14:00:00,8,NW
2006-10-06 14:15:00,7,NW
2006-10-06 14:30:00,10,NW
2006-10-06 14:45:00,8,NW
2006-10-06 15:00:00,10,NW
2006-10-06 15:15:00,9,NW
2006-10-06 15:30:00,17,NW
2006-10-06 15:45:00,26,NW
2006-10-06 16:00:00,25,NW
2006-10-06 16:15:00,23,NW
2006-10-06 16:30:00,13,NW
2006-10-06 16:45:00,18,NW
2006-10-06 17:00:00,20,NW
2006-10-06 17:15:00,31,NW
2006-10-06 17:30:00,26,NW
2006-10-06 17:45:00,31,NW
2006-10-06 18:00:00,22,NW
2006-10-06 18:15:00,23,NW
2006-10-06 18:30:00,27,NW
2006-10-06 18:45:00,16,NW
2006-10-06 19:00:00,19,NW
2006-10-06 19:15:00,13,NW
2006-10-06 19:30:00,15,NW
2006-10-06 19:45:00,10,NW
2006-10-06 20:00:00,5,NW
2006-10-06 20:15:00,15,NW
2006-10-06 20:30:00,9,NW
2006-10-06 20:45:00,7,NW
2006-10-06 21:00:00,4,NW
2006-10-06 21:15:00,6,NW
2006-10-06 21:30:00,5,NW
2006-10-06 21:45:00,4,NW
2006-10-06 22:00:00,3,NW
2006-10-06 22:15:00,5,NW
2006-10-06 22:30:00,1,NW
2006-10-06 22:45:00,6,NW
2006-10-06 23:00:00,1,NW
2006-10-06 23:15:00,0,NW
2006-10-06 23:30:00,3,NW
2006-10-06 23:45:00,0,NW
2006-10-07 00:00:00,2,NW
2006-10-07 00:15:00,1,NW
2006-10-07 00:30:00,6,NW
2006-10-07 00:45:00,0,NW
2006-10-07 01:00:00,1,NW
2006-10-07 01:15:00,0,NW
2006-10-07 01:30:00,0,NW
2006-10-07 01:45:00,1,NW
2006-10-07 02:00:00,0,NW
2006-10-07 02:15:00,1,NW
2006-10-07 02:30:00,1,NW
2006-10-07 02:45:00,0,NW
2006-10-07 03:00:00,0,NW
2006-10-07 03:15:00,0,NW
2006-10-07 03:30:00,0,NW
2006-10-07 03:45:00,0,NW
2006-10-07 04:00:00,1,NW
2006-10-07 04:15:00,1,NW
2006-10-07 04:30:00,1,NW
2006-10-07 04:45:00,0,NW
2006-10-07 05:00:00,1,NW
2006-10-07 05:15:00,0,NW
2006-10-07 05:30:00,1,NW
2006-10-07 05:45:00,0,NW
2006-10-07 06:00:00,0,NW
2006-10-07 06:15:00,2,NW
2006-10-07 06:30:00,1,NW
2006-10-07 06:45:00,1,NW
2006-10-07 07:00:00,1,NW
2006-10-07 07:15:00,0,NW
2006-10-07 07:30:00,2,NW
2006-10-07 07:45:00,2,NW
2006-10-07 08:00:00,4,NW
2006-10-07 08:15:00,11,NW
2006-10-07 08:30:00,7,NW
2006-10-07 08:45:00,7,NW
2006-10-07 09:00:00,10,NW
2006-10-07 09:15:00,11,NW
2006-10-07 09:30:00,9,NW
2006-10-07 09:45:00,8,NW
2006-10-07 10:00:00,11,NW
2006-10-07 10:15:00,9,NW
2006-10-07 10:30:00,18,NW
2006-10-07 10:45:00,7,NW
2006-10-07 11:00:00,15,NW
2006-10-07 11:15:00,10,NW
2006-10-07 11:30:00,15,NW
2006-10-07 11:45:00,8,NW
2006-10-07 12:00:00,18,NW
2006-10-07 12:15:00,14,NW
2006-10-07 12:30:00,11,NW
2006-10-07 12:45:00,16,NW
2006-10-07 13:00:00,22,NW
2006-10-07 13:15:00,11,NW
2006-10-07 13:30:00,10,NW
2006-10-07 13:45:00,13,NW
2006-10-07 14:00:00,10,NW
2006-10-07 14:15:00,11,NW
2006-10-07 14:30:00,9,NW
2006-10-07 14:45:00,8,NW
2006-10-07 15:00:00,7,NW
2006-10-07 15:15:00,8,NW
2006-10-07 15:30:00,10,NW
2006-10-07 15:45:00,3,NW
2006-10-07 16:00:00,19,NW
2006-10-07 16:15:00,12,NW
2006-10-07 16:30:00,13,NW
2006-10-07 16:45:00,12,NW
2006-10-07 17:00:00,12,NW
2006-10-07 17:15:00,14,NW
2006-10-07 17:30:00,5,NW
2006-10-07 17:45:00,11,NW
2006-10-07 18:00:00,11,NW
2006-10-07 18:15:00,4,NW
2006-10-07 18:30:00,10,NW
2006-10-07 18:45:00,4,NW
2006-10-07 19:00:00,9,NW
2006-10-07 19:15:00,6,NW
2006-10-07 19:30:00,4,NW
2006-10-07 19:45:00,8,NW
2006-10-07 20:00:00,5,NW
2006-10-07 20:15:00,1,NW
2006-10-07 20:30:00,1,NW
2006-10-07 20:45:00,2,NW
2006-10-07 21:00:00,4,NW
2006-10-07 21:15:00,3,NW
2006-10-07 21:30:00,5,NW
2006-10-07 21:45:00,4,NW
2006-10-07 22:00:00,2,NW
2006-10-07 22:15:00,6,NW
2006-10-07 22:30:00,3,NW
2006-10-07 22:45:00,5,NW
2006-10-07 23:00:00,1,NW
2006-10-07 23:15:00,2,NW
2006-10-07 23:30:00,2,NW
2006-10-07 23:45:00,3,NW
2006-10-08 00:00:00,2,NW
2006-10-08 00:15:00,1,NW
2006-10-08 00:30:00,1,NW
2006-10-08 00:45:00,2,NW
2006-10-08 01:00:00,2,NW
2006-10-08 01:15:00,3,NW
2006-10-08 01:30:00,1,NW
2006-10-08 01:45:00,0,NW
2006-10-08 02:00:00,1,NW
2006-10-08 02:15:00,0,NW
2006-10-08 02:30:00,0,NW
2006-10-08 02:45:00,0,NW
2006-10-08 03:00:00,0,NW
2006-10-08 03:15:00,0,NW
2006-10-08 03:30:00,0,NW
2006-10-08 03:45:00,0,NW
2006-10-08 04:00:00,1,NW
2006-10-08 04:15:00,0,NW
2006-10-08 04:30:00,0,NW
2006-10-08 04:45:00,0,NW
2006-10-08 05:00:00,0,NW
2006-10-08 05:15:00,0,NW
2006-10-08 05:30:00,0,NW
2006-10-08 05:45:00,0,NW
2006-10-08 06:00:00,0,NW
2006-10-08 06:15:00,0,NW
2006-10-08 06:30:00,0,NW
2006-10-08 06:45:00,0,NW
2006-10-08 07:00:00,3,NW
2006-10-08 07:15:00,0,NW
2006-10-08 07:30:00,0,NW
2006-10-08 07:45:00,0,NW
2006-10-08 08:00:00,2,NW
2006-10-08 08:15:00,2,NW
2006-10-08 08:30:00,1,NW
2006-10-08 08:45:00,5,NW
2006-10-08 09:00:00,3,NW
2006-10-08 09:15:00,5,NW
2006-10-08 09:30:00,4,NW
2006-10-08 09:45:00,9,NW
2006-10-08 10:00:00,5,NW
2006-10-08 10:15:00,5,NW
2006-10-08 10:30:00,5,NW
2006-10-08 10:45:00,9,NW
2006-10-08 11:00:00,7,NW
2006-10-08 11:15:00,8,NW
2006-10-08 11:30:00,9,NW
2006-10-08 11:45:00,11,NW
2006-10-08 12:00:00,8,NW
2006-10-08 12:15:00,6,NW
2006-10-08 12:30:00,11,NW
2006-10-08 12:45:00,4,NW
2006-10-08 13:00:00,11,NW
2006-10-08 13:15:00,8,NW
2006-10-08 13:30:00,7,NW
2006-10-08 13:45:00,9,NW
2006-10-08 14:00:00,4,NW
2006-10-08 14:15:00,9,NW
2006-10-08 14:30:00,10,NW
2006-10-08 14:45:00,7,NW
2006-10-08 15:00:00,6,NW
2006-10-08 15:15:00,3,NW
2006-10-08 15:30:00,7,NW
2006-10-08 15:45:00,7,NW
2006-10-08 16:00:00,7,NW
2006-10-08 16:15:00,10,NW
2006-10-08 16:30:00,8,NW
2006-10-08 16:45:00,9,NW
2006-10-08 17:00:00,14,NW
2006-10-08 17:15:00,11,NW
2006-10-08 17:30:00,11,NW
2006-10-08 17:45:00,7,NW
2006-10-08 18:00:00,7,NW
2006-10-08 18:15:00,4,NW
2006-10-08 18:30:00,5,NW
2006-10-08 18:45:00,7,NW
2006-10-08 19:00:00,4,NW
2006-10-08 19:15:00,3,NW
2006-10-08 19:30:00,4,NW
2006-10-08 19:45:00,3,NW
2006-10-08 20:00:00,1,NW
2006-10-08 20:15:00,3,NW
2006-10-08 20:30:00,2,NW
2006-10-08 20:45:00,1,NW
2006-10-08 21:00:00,2,NW
2006-10-08 21:15:00,3,NW
2006-10-08 21:30:00,0,NW
2006-10-08 21:45:00,1,NW
2006-10-08 22:00:00,2,NW
2006-10-08 22:15:00,0,NW
2006-10-08 22:30:00,1,NW
2006-10-08 22:45:00,1,NW
2006-10-08 23:00:00,2,NW
2006-10-08 23:15:00,1,NW
2006-10-08 23:30:00,0,NW
2006-10-08 23:45:00,0,NW
2006-10-09 00:00:00,3,NW
2006-10-09 00:15:00,0,NW
2006-10-09 00:30:00,0,NW
2006-10-09 00:45:00,0,NW
2006-10-09 01:00:00,0,NW
2006-10-09 01:15:00,0,NW
2006-10-09 01:30:00,0,NW
2006-10-09 01:45:00,0,NW
2006-10-09 02:00:00,0,NW
2006-10-09 02:15:00,0,NW
2006-10-09 02:30:00,0,NW
2006-10-09 02:45:00,0,NW
2006-10-09 03:00:00,0,NW
2006-10-09 03:15:00,0,NW
2006-10-09 03:30:00,0,NW
2006-10-09 03:45:00,0,NW
2006-10-09 04:00:00,1,NW
2006-10-09 04:15:00,0,NW
2006-10-09 04:30:00,0,NW
2006-10-09 04:45:00,0,NW
2006-10-09 05:00:00,1,NW
2006-10-09 05:15:00,0,NW
2006-10-09 05:30:00,0,NW
2006-10-09 05:45:00,1,NW
2006-10-09 06:00:00,0,NW
2006-10-09 06:15:00,1,NW
2006-10-09 06:30:00,1,NW
2006-10-09 06:45:00,3,NW
2006-10-09 07:00:00,6,NW
2006-10-09 07:15:00,3,NW
2006-10-09 07:30:00,6,NW
2006-10-09 07:45:00,23,NW
2006-10-09 08:00:00,24,NW
2006-10-09 08:15:00,29,NW
2006-10-09 08:30:00,22,NW
2006-10-09 08:45:00,18,NW
2006-10-09 09:00:00,17,NW
2006-10-09 09:15:00,9,NW
2006-10-09 09:30:00,7,NW
2006-10-09 09:45:00,8,NW
2006-10-09 10:00:00,0,NW
2006-10-09 10:15:00,0,NW
2006-10-09 10:30:00,10,NW
2006-10-09 10:45:00,9,NW
2006-10-09 11:00:00,15,NW
2006-10-09 11:15:00,3,NW
2006-10-09 11:30:00,9,NW
2006-10-09 11:45:00,8,NW
2006-10-09 12:00:00,17,NW
2006-10-09 12:15:00,13,NW
2006-10-09 12:30:00,9,NW
2006-10-09 12:45:00,6,NW
2006-10-09 13:00:00,12,NW
2006-10-09 13:15:00,13,NW
2006-10-09 13:30:00,13,NW
2006-10-09 13:45:00,12,NW
2006-10-09 14:00:00,14,NW
2006-10-09 14:15:00,4,NW
2006-10-09 14:30:00,14,NW
2006-10-09 14:45:00,9,NW
2006-10-09 15:00:00,15,NW
2006-10-09 15:15:00,14,NW
2006-10-09 15:30:00,18,NW
2006-10-09 15:45:00,22,NW
2006-10-09 16:00:00,24,NW
2006-10-09 16:15:00,12,NW
2006-10-09 16:30:00,22,NW
2006-10-09 16:45:00,6,NW
2006-10-09 17:00:00,22,NW
2006-10-09 17:15:00,23,NW
2006-10-09 17:30:00,17,NW
2006-10-09 17:45:00,26,NW
2006-10-09 18:00:00,22,NW
2006-10-09 18:15:00,30,NW
2006-10-09 18:30:00,22,NW
2006-10-09 18:45:00,27,NW
2006-10-09 19:00:00,19,NW
2006-10-09 19:15:00,11,NW
2006-10-09 19:30:00,8,NW
2006-10-09 19:45:00,2,NW
2006-10-09 20:00:00,13,NW
2006-10-09 20:15:00,4,NW
2006-10-09 20:30:00,8,NW
2006-10-09 20:45:00,7,NW
2006-10-09 21:00:00,8,NW
2006-10-09 21:15:00,5,NW
2006-10-09 21:30:00,4,NW
2006-10-09 21:45:00,3,NW
2006-10-09 22:00:00,2,NW
2006-10-09 22:15:00,2,NW
2006-10-09 22:30:00,1,NW
2006-10-09 22:45:00,0,NW
2006-10-09 23:00:00,3,NW
2006-10-09 23:15:00,3,NW
2006-10-09 23:30:00,4,NW
2006-10-09 23:45:00,1,NW
2006-10-10 00:00:00,0,NW
2006-10-10 00:15:00,1,NW
2006-10-10 00:30:00,1,NW
2006-10-10 00:45:00,0,NW
2006-10-10 01:00:00,0,NW
2006-10-10 01:15:00,1,NW
2006-10-10 01:30:00,0,NW
2006-10-10 01:45:00,0,NW
2006-10-10 02:00:00,0,NW
2006-10-10 02:15:00,0,NW
2006-10-10 02:30:00,0,NW
2006-10-10 02:45:00,1,NW
2006-10-10 03:00:00,0,NW
2006-10-10 03:15:00,0,NW
2006-10-10 03:30:00,0,NW
2006-10-10 03:45:00,0,NW
2006-10-10 04:00:00,0,NW
2006-10-10 04:15:00,0,NW
2006-10-10 04:30:00,0,NW
2006-10-10 04:45:00,1,NW
2006-10-10 05:00:00,0,NW
2006-10-10 05:15:00,1,NW
2006-10-10 05:30:00,0,NW
2006-10-10 05:45:00,1,NW
2006-10-10 06:00:00,0,NW
2006-10-10 06:15:00,2,NW
2006-10-10 06:30:00,2,NW
2006-10-10 06:45:00,1,NW
2006-10-10 07:00:00,4,NW
2006-10-10 07:15:00,8,NW
2006-10-10 07:30:00,12,NW
2006-10-10 07:45:00,17,NW
2006-10-10 08:00:00,27,NW
2006-10-10 08:15:00,29,NW
2006-10-10 08:30:00,31,NW
2006-10-10 08:45:00,20,NW
2006-10-10 09:00:00,9,NW
2006-10-10 09:15:00,15,NW
2006-10-10 09:30:00,11,NW
2006-10-10 09:45:00,12,NW
2006-10-10 10:00:00,10,NW
2006-10-10 10:15:00,9,NW
2006-10-10 10:30:00,15,NW
2006-10-10 10:45:00,8,NW
2006-10-10 11:00:00,14,NW
2006-10-10 11:15:00,5,NW
2006-10-10 11:30:00,16,NW
2006-10-10 11:45:00,6,NW
2006-10-10 12:00:00,8,NW
2006-10-10 12:15:00,11,NW
2006-10-10 12:30:00,17,NW
2006-10-10 12:45:00,6,NW
2006-10-10 13:00:00,11,NW
2006-10-10 13:15:00,7,NW
2006-10-10 13:30:00,9,NW
2006-10-10 13:45:00,9,NW
2006-10-10 14:00:00,12,NW
2006-10-10 14:15:00,8,NW
2006-10-10 14:30:00,12,NW
2006-10-10 14:45:00,13,NW
2006-10-10 15:00:00,16,NW
2006-10-10 15:15:00,19,NW
2006-10-10 15:30:00,16,NW
2006-10-10 15:45:00,21,NW
2006-10-10 16:00:00,27,NW
2006-10-10 16:15:00,15,NW
2006-10-10 16:30:00,18,NW
2006-10-10 16:45:00,32,NW
2006-10-10 17:00:00,20,NW
2006-10-10 17:15:00,16,NW
2006-10-10 17:30:00,28,NW
2006-10-10 17:45:00,22,NW
2006-10-10 18:00:00,23,NW
2006-10-10 18:15:00,16,NW
2006-10-10 18:30:00,24,NW
2006-10-10 18:45:00,23,NW
2006-10-10 19:00:00,19,NW
2006-10-10 19:15:00,17,NW
2006-10-10 19:30:00,13,NW
2006-10-10 19:45:00,7,NW
2006-10-10 20:00:00,11,NW
2006-10-10 20:15:00,6,NW
2006-10-10 20:30:00,5,NW
2006-10-10 20:45:00,7,NW
2006-10-10 21:00:00,3,NW
2006-10-10 21:15:00,7,NW
2006-10-10 21:30:00,3,NW
2006-10-10 21:45:00,4,NW
2006-10-10 22:00:00,2,NW
2006-10-10 22:15:00,3,NW
2006-10-10 22:30:00,1,NW
2006-10-10 22:45:00,1,NW
2006-10-10 23:00:00,1,NW
2006-10-10 23:15:00,1,NW
2006-10-10 23:30:00,1,NW
2006-10-10 23:45:00,3,NW
2006-10-11 00:00:00,2,NW
2006-10-11 00:15:00,0,NW
2006-10-11 00:30:00,0,NW
2006-10-11 00:45:00,0,NW
2006-10-11 01:00:00,1,NW
2006-10-11 01:15:00,0,NW
2006-10-11 01:30:00,0,NW
2006-10-11 01:45:00,2,NW
2006-10-11 02:00:00,0,NW
2006-10-11 02:15:00,0,NW
2006-10-11 02:30:00,0,NW
2006-10-11 02:45:00,0,NW
2006-10-11 03:00:00,0,NW
2006-10-11 03:15:00,0,NW
2006-10-11 03:30:00,1,NW
2006-10-11 03:45:00,0,NW
2006-10-11 04:00:00,0,NW
2006-10-11 04:15:00,0,NW
2006-10-11 04:30:00,0,NW
2006-10-11 04:45:00,0,NW
2006-10-11 05:00:00,0,NW
2006-10-11 05:15:00,0,NW
2006-10-11 05:30:00,1,NW
2006-10-11 05:45:00,1,NW
2006-10-11 06:00:00,2,NW
2006-10-11 06:15:00,2,NW
2006-10-11 06:30:00,2,NW
2006-10-11 06:45:00,3,NW
2006-10-11 07:00:00,4,NW
2006-10-11 07:15:00,6,NW
2006-10-11 07:30:00,10,NW
2006-10-11 07:45:00,19,NW
2006-10-11 08:00:00,20,NW
2006-10-11 08:15:00,35,NW
2006-10-11 08:30:00,27,NW
2006-10-11 08:45:00,22,NW
2006-10-11 09:00:00,7,NW
2006-10-11 09:15:00,24,NW
2006-10-11 09:30:00,11,NW
2006-10-11 09:45:00,10,NW
2006-10-11 10:00:00,7,NW
2006-10-11 10:15:00,7,NW
2006-10-11 10:30:00,15,NW
2006-10-11 10:45:00,5,NW
2006-10-11 11:00:00,14,NW
2006-10-11 11:15:00,6,NW
2006-10-11 11:30:00,10,NW
2006-10-11 11:45:00,10,NW
2006-10-11 12:00:00,13,NW
2006-10-11 12:15:00,9,NW
2006-10-11 12:30:00,13,NW
2006-10-11 12:45:00,11,NW
2006-10-11 13:00:00,14,NW
2006-10-11 13:15:00,14,NW
2006-10-11 13:30:00,12,NW
2006-10-11 13:45:00,7,NW
2006-10-11 14:00:00,12,NW
2006-10-11 14:15:00,9,NW
2006-10-11 14:30:00,9,NW
2006-10-11 14:45:00,8,NW
2006-10-11 15:00:00,13,NW
2006-10-11 15:15:00,16,NW
2006-10-11 15:30:00,17,NW
2006-10-11 15:45:00,20,NW
2006-10-11 16:00:00,21,NW
2006-10-11 16:15:00,20,NW
2006-10-11 16:30:00,29,NW
2006-10-11 16:45:00,12,NW
2006-10-11 17:00:00,17,NW
2006-10-11 17:15:00,27,NW
2006-10-11 17:30:00,15,NW
2006-10-11 17:45:00,29,NW
2006-10-11 18:00:00,28,NW
2006-10-11 18:15:00,25,NW
2006-10-11 18:30:00,27,NW
2006-10-11 18:45:00,23,NW
2006-10-11 19:00:00,10,NW
2006-10-11 19:15:00,15,NW
2006-10-11 19:30:00,11,NW
2006-10-11 19:45:00,3,NW
2006-10-11 20:00:00,6,NW
2006-10-11 20:15:00,11,NW
2006-10-11 20:30:00,4,NW
2006-10-11 20:45:00,12,NW
2006-10-11 21:00:00,4,NW
2006-10-11 21:15:00,10,NW
2006-10-11 21:30:00,2,NW
2006-10-11 21:45:00,7,NW
2006-10-11 22:00:00,3,NW
2006-10-11 22:15:00,3,NW
2006-10-11 22:30:00,1,NW
2006-10-11 22:45:00,3,NW
2006-10-11 23:00:00,2,NW
2006-10-11 23:15:00,4,NW
2006-10-11 23:30:00,5,NW
2006-10-11 23:45:00,0,NW
2006-10-12 00:00:00,1,NW
2006-10-12 00:15:00,0,NW
2006-10-12 00:30:00,0,NW
2006-10-12 00:45:00,0,NW
2006-10-12 01:00:00,0,NW
2006-10-12 01:15:00,0,NW
2006-10-12 01:30:00,0,NW
2006-10-12 01:45:00,0,NW
2006-10-12 02:00:00,0,NW
2006-10-12 02:15:00,1,NW
2006-10-12 02:30:00,0,NW
2006-10-12 02:45:00,0,NW
2006-10-12 03:00:00,1,NW
2006-10-12 03:15:00,0,NW
2006-10-12 03:30:00,0,NW
2006-10-12 03:45:00,0,NW
2006-10-12 04:00:00,0,NW
2006-10-12 04:15:00,0,NW
2006-10-12 04:30:00,0,NW
2006-10-12 04:45:00,0,NW
2006-10-12 05:00:00,1,NW
2006-10-12 05:15:00,1,NW
2006-10-12 05:30:00,1,NW
2006-10-12 05:45:00,1,NW
2006-10-12 06:00:00,3,NW
2006-10-12 06:15:00,3,NW
2006-10-12 06:30:00,1,NW
2006-10-12 06:45:00,2,NW
2006-10-12 07:00:00,4,NW
2006-10-12 07:15:00,3,NW
2006-10-12 07:30:00,16,NW
2006-10-12 07:45:00,14,NW
2006-10-12 08:00:00,23,NW
2006-10-12 08:15:00,28,NW
2006-10-12 08:30:00,20,NW
2006-10-12 08:45:00,18,NW
2006-10-12 09:00:00,24,NW
2006-10-12 09:15:00,10,NW
2006-10-12 09:30:00,10,NW
2006-10-12 09:45:00,10,NW
2006-10-12 10:00:00,7,NW
2006-10-12 10:15:00,9,NW
2006-10-12 10:30:00,17,NW
2006-10-12 10:45:00,10,NW
2006-10-12 11:00:00,11,NW
2006-10-12 11:15:00,7,NW
2006-10-12 11:30:00,10,NW
2006-10-12 11:45:00,7,NW
2006-10-12 12:00:00,9,NW
2006-10-12 12:15:00,8,NW
2006-10-12 12:30:00,19,NW
2006-10-12 12:45:00,10,NW
2006-10-12 13:00:00,13,NW
2006-10-12 13:15:00,3,NW
2006-10-12 13:30:00,12,NW
2006-10-12 13:45:00,7,NW
2006-10-12 14:00:00,11,NW
2006-10-12 14:15:00,6,NW
2006-10-12 14:30:00,13,NW
2006-10-12 14:45:00,11,NW
2006-10-12 15:00:00,16,NW
2006-10-12 15:15:00,25,NW
2006-10-12 15:30:00,17,NW
2006-10-12 15:45:00,18,NW
2006-10-12 16:00:00,17,NW
2006-10-12 16:15:00,15,NW
2006-10-12 16:30:00,18,NW
2006-10-12 16:45:00,21,NW
2006-10-12 17:00:00,14,NW
2006-10-12 17:15:00,20,NW
2006-10-12 17:30:00,26,NW
2006-10-12 17:45:00,23,NW
2006-10-12 18:00:00,28,NW
2006-10-12 18:15:00,28,NW
2006-10-12 18:30:00,16,NW
2006-10-12 18:45:00,21,NW
2006-10-12 19:00:00,22,NW
2006-10-12 19:15:00,18,NW
2006-10-12 19:30:00,17,NW
2006-10-12 19:45:00,7,NW
2006-10-12 20:00:00,7,NW
2006-10-12 20:15:00,8,NW
2006-10-12 20:30:00,9,NW
2006-10-12 20:45:00,11,NW
2006-10-12 21:00:00,6,NW
2006-10-12 21:15:00,7,NW
2006-10-12 21:30:00,5,NW
2006-10-12 21:45:00,7,NW
2006-10-12 22:00:00,10,NW
2006-10-12 22:15:00,7,NW
2006-10-12 22:30:00,2,NW
2006-10-12 22:45:00,5,NW
2006-10-12 23:00:00,4,NW
2006-10-12 23:15:00,2,NW
2006-10-12 23:30:00,2,NW
2006-10-12 23:45:00,4,NW
2006-10-13 00:00:00,1,NW
2006-10-13 00:15:00,3,NW
2006-10-13 00:30:00,0,NW
2006-10-13 00:45:00,0,NW
2006-10-13 01:00:00,1,NW
2006-10-13 01:15:00,1,NW
2006-10-13 01:30:00,0,NW
2006-10-13 01:45:00,0,NW
2006-10-13 02:00:00,0,NW
2006-10-13 02:15:00,0,NW
2006-10-13 02:30:00,0,NW
2006-10-13 02:45:00,0,NW
2006-10-13 03:00:00,0,NW
2006-10-13 03:15:00,0,NW
2006-10-13 03:30:00,0,NW
2006-10-13 03:45:00,1,NW
2006-10-13 04:00:00,0,NW
2006-10-13 04:15:00,0,NW
2006-10-13 04:30:00,0,NW
2006-10-13 04:45:00,0,NW
2006-10-13 05:00:00,0,NW
2006-10-13 05:15:00,2,NW
2006-10-13 05:30:00,0,NW
2006-10-13 05:45:00,0,NW
2006-10-13 06:00:00,0,NW
2006-10-13 06:15:00,3,NW
2006-10-13 06:30:00,0,NW
2006-10-13 06:45:00,5,NW
2006-10-13 07:00:00,3,NW
2006-10-13 07:15:00,3,NW
2006-10-13 07:30:00,15,NW
2006-10-13 07:45:00,16,NW
2006-10-13 08:00:00,28,NW
2006-10-13 08:15:00,18,NW
2006-10-13 08:30:00,25,NW
2006-10-13 08:45:00,21,NW
2006-10-13 09:00:00,16,NW
2006-10-13 09:15:00,10,NW
2006-10-13 09:30:00,17,NW
2006-10-13 09:45:00,14,NW
2006-10-13 10:00:00,0,NW
2006-10-13 10:15:00,0,NW
2006-10-13 10:30:00,12,NW
2006-10-13 10:45:00,4,NW
2006-10-13 11:00:00,13,NW
2006-10-13 11:15:00,5,NW
2006-10-13 11:30:00,18,NW
2006-10-13 11:45:00,8,NW
2006-10-13 12:00:00,14,NW
2006-10-13 12:15:00,4,NW
2006-10-13 12:30:00,13,NW
2006-10-13 12:45:00,7,NW
2006-10-13 13:00:00,13,NW
2006-10-13 13:15:00,13,NW
2006-10-13 13:30:00,9,NW
2006-10-13 13:45:00,6,NW
2006-10-13 14:00:00,11,NW
2006-10-13 14:15:00,15,NW
2006-10-13 14:30:00,7,NW
2006-10-13 14:45:00,10,NW
2006-10-13 15:00:00,17,NW
2006-10-13 15:15:00,13,NW
2006-10-13 15:30:00,18,NW
2006-10-13 15:45:00,30,NW
2006-10-13 16:00:00,23,NW
2006-10-13 16:15:00,27,NW
2006-10-13 16:30:00,12,NW
2006-10-13 16:45:00,22,NW
2006-10-13 17:00:00,14,NW
2006-10-13 17:15:00,18,NW
2006-10-13 17:30:00,20,NW
2006-10-13 17:45:00,32,NW
2006-10-13 18:00:00,27,NW
2006-10-13 18:15:00,33,NW
2006-10-13 18:30:00,23,NW
2006-10-13 18:45:00,19,NW
2006-10-13 19:00:00,16,NW
2006-10-13 19:15:00,18,NW
2006-10-13 19:30:00,11,NW
2006-10-13 19:45:00,11,NW
2006-10-13 20:00:00,9,NW
2006-10-13 20:15:00,6,NW
2006-10-13 20:30:00,7,NW
2006-10-13 20:45:00,13,NW
2006-10-13 21:00:00,1,NW
2006-10-13 21:15:00,4,NW
2006-10-13 21:30:00,3,NW
2006-10-13 21:45:00,10,NW
2006-10-13 22:00:00,10,NW
2006-10-13 22:15:00,2,NW
2006-10-13 22:30:00,2,NW
2006-10-13 22:45:00,17,NW
2006-10-13 23:00:00,11,NW
2006-10-13 23:15:00,10,NW
2006-10-13 23:30:00,5,NW
2006-10-13 23:45:00,6,NW
2006-10-14 00:00:00,3,NW
2006-10-14 00:15:00,4,NW
2006-10-14 00:30:00,2,NW
2006-10-14 00:45:00,0,NW
2006-10-14 01:00:00,2,NW
2006-10-14 01:15:00,2,NW
2006-10-14 01:30:00,2,NW
2006-10-14 01:45:00,1,NW
2006-10-14 02:00:00,0,NW
2006-10-14 02:15:00,0,NW
2006-10-14 02:30:00,1,NW
2006-10-14 02:45:00,0,NW
2006-10-14 03:00:00,2,NW
2006-10-14 03:15:00,1,NW
2006-10-14 03:30:00,1,NW
2006-10-14 03:45:00,0,NW
2006-10-14 04:00:00,0,NW
2006-10-14 04:15:00,0,NW
2006-10-14 04:30:00,0,NW
2006-10-14 04:45:00,1,NW
2006-10-14 05:00:00,0,NW
2006-10-14 05:15:00,2,NW
2006-10-14 05:30:00,1,NW
2006-10-14 05:45:00,0,NW
2006-10-14 06:00:00,2,NW
2006-10-14 06:15:00,0,NW
2006-10-14 06:30:00,0,NW
2006-10-14 06:45:00,1,NW
2006-10-14 07:00:00,2,NW
2006-10-14 07:15:00,1,NW
2006-10-14 07:30:00,0,NW
2006-10-14 07:45:00,5,NW
2006-10-14 08:00:00,6,NW
2006-10-14 08:15:00,11,NW
2006-10-14 08:30:00,9,NW
2006-10-14 08:45:00,6,NW
2006-10-14 09:00:00,9,NW
2006-10-14 09:15:00,12,NW
2006-10-14 09:30:00,14,NW
2006-10-14 09:45:00,10,NW
2006-10-14 10:00:00,17,NW
2006-10-14 10:15:00,21,NW
2006-10-14 10:30:00,11,NW
2006-10-14 10:45:00,9,NW
2006-10-14 11:00:00,17,NW
2006-10-14 11:15:00,20,NW
2006-10-14 11:30:00,15,NW
2006-10-14 11:45:00,11,NW
2006-10-14 12:00:00,9,NW
2006-10-14 12:15:00,16,NW
2006-10-14 12:30:00,11,NW
2006-10-14 12:45:00,10,NW
2006-10-14 13:00:00,18,NW
2006-10-14 13:15:00,7,NW
2006-10-14 13:30:00,13,NW
2006-10-14 13:45:00,6,NW
2006-10-14 14:00:00,10,NW
2006-10-14 14:15:00,8,NW
2006-10-14 14:30:00,10,NW
2006-10-14 14:45:00,8,NW
2006-10-14 15:00:00,11,NW
2006-10-14 15:15:00,9,NW
2006-10-14 15:30:00,10,NW
2006-10-14 15:45:00,10,NW
2006-10-14 16:00:00,15,NW
2006-10-14 16:15:00,8,NW
2006-10-14 16:30:00,9,NW
2006-10-14 16:45:00,6,NW
2006-10-14 17:00:00,10,NW
2006-10-14 17:15:00,10,NW
2006-10-14 17:30:00,10,NW
2006-10-14 17:45:00,5,NW
2006-10-14 18:00:00,11,NW
2006-10-14 18:15:00,9,NW
2006-10-14 18:30:00,11,NW
2006-10-14 18:45:00,7,NW
2006-10-14 19:00:00,9,NW
2006-10-14 19:15:00,2,NW
2006-10-14 19:30:00,8,NW
2006-10-14 19:45:00,10,NW
2006-10-14 20:00:00,6,NW
2006-10-14 20:15:00,6,NW
2006-10-14 20:30:00,2,NW
2006-10-14 20:45:00,2,NW
2006-10-14 21:00:00,6,NW
2006-10-14 21:15:00,4,NW
2006-10-14 21:30:00,4,NW
2006-10-14 21:45:00,2,NW
2006-10-14 22:00:00,3,NW
2006-10-14 22:15:00,2,NW
2006-10-14 22:30:00,2,NW
2006-10-14 22:45:00,2,NW
2006-10-14 23:00:00,4,NW
2006-10-14 23:15:00,5,NW
2006-10-14 23:30:00,5,NW
2006-10-14 23:45:00,0,NW
2006-10-15 00:00:00,0,NW
2006-10-15 00:15:00,1,NW
2006-10-15 00:30:00,1,NW
2006-10-15 00:45:00,2,NW
2006-10-15 01:00:00,0,NW
2006-10-15 01:15:00,1,NW
2006-10-15 01:30:00,0,NW
2006-10-15 01:45:00,0,NW
2006-10-15 02:00:00,0,NW
2006-10-15 02:15:00,2,NW
2006-10-15 02:30:00,1,NW
2006-10-15 02:45:00,0,NW
2006-10-15 03:00:00,2,NW
2006-10-15 03:15:00,0,NW
2006-10-15 03:30:00,1,NW
2006-10-15 03:45:00,0,NW
2006-10-15 04:00:00,0,NW
2006-10-15 04:15:00,0,NW
2006-10-15 04:30:00,2,NW
2006-10-15 04:45:00,0,NW
2006-10-15 05:00:00,1,NW
2006-10-15 05:15:00,0,NW
2006-10-15 05:30:00,0,NW
2006-10-15 05:45:00,0,NW
2006-10-15 06:00:00,0,NW
2006-10-15 06:15:00,0,NW
2006-10-15 06:30:00,0,NW
2006-10-15 06:45:00,1,NW
2006-10-15 07:00:00,2,NW
2006-10-15 07:15:00,0,NW
2006-10-15 07:30:00,0,NW
2006-10-15 07:45:00,1,NW
2006-10-15 08:00:00,1,NW
2006-10-15 08:15:00,2,NW
2006-10-15 08:30:00,2,NW
2006-10-15 08:45:00,6,NW
2006-10-15 09:00:00,6,NW
2006-10-15 09:15:00,6,NW
2006-10-15 09:30:00,8,NW
2006-10-15 09:45:00,7,NW
2006-10-15 10:00:00,6,NW
2006-10-15 10:15:00,4,NW
2006-10-15 10:30:00,2,NW
2006-10-15 10:45:00,6,NW
2006-10-15 11:00:00,7,NW
2006-10-15 11:15:00,7,NW
2006-10-15 11:30:00,5,NW
2006-10-15 11:45:00,8,NW
2006-10-15 12:00:00,10,NW
2006-10-15 12:15:00,11,NW
2006-10-15 12:30:00,10,NW
2006-10-15 12:45:00,8,NW
2006-10-15 13:00:00,11,NW
2006-10-15 13:15:00,6,NW
2006-10-15 13:30:00,8,NW
2006-10-15 13:45:00,10,NW
2006-10-15 14:00:00,6,NW
2006-10-15 14:15:00,7,NW
2006-10-15 14:30:00,7,NW
2006-10-15 14:45:00,4,NW
2006-10-15 15:00:00,12,NW
2006-10-15 15:15:00,5,NW
2006-10-15 15:30:00,10,NW
2006-10-15 15:45:00,7,NW
2006-10-15 16:00:00,12,NW
2006-10-15 16:15:00,5,NW
2006-10-15 16:30:00,6,NW
2006-10-15 16:45:00,5,NW
2006-10-15 17:00:00,10,NW
2006-10-15 17:15:00,13,NW
2006-10-15 17:30:00,7,NW
2006-10-15 17:45:00,11,NW
2006-10-15 18:00:00,8,NW
2006-10-15 18:15:00,2,NW
2006-10-15 18:30:00,7,NW
2006-10-15 18:45:00,8,NW
2006-10-15 19:00:00,3,NW
2006-10-15 19:15:00,13,NW
2006-10-15 19:30:00,2,NW
2006-10-15 19:45:00,5,NW
2006-10-15 20:00:00,7,NW
2006-10-15 20:15:00,4,NW
2006-10-15 20:30:00,2,NW
2006-10-15 20:45:00,7,NW
2006-10-15 21:00:00,5,NW
2006-10-15 21:15:00,0,NW
2006-10-15 21:30:00,4,NW
2006-10-15 21:45:00,1,NW
2006-10-15 22:00:00,2,NW
2006-10-15 22:15:00,0,NW
2006-10-15 22:30:00,0,NW
2006-10-15 22:45:00,2,NW
2006-10-15 23:00:00,1,NW
2006-10-15 23:15:00,2,NW
2006-10-15 23:30:00,0,NW
2006-10-15 23:45:00,0,NW
2006-10-16 00:00:00,2,NW
2006-10-16 00:15:00,0,NW
2006-10-16 00:30:00,1,NW
2006-10-16 00:45:00,0,NW
2006-10-16 01:00:00,0,NW
2006-10-16 01:15:00,0,NW
2006-10-16 01:30:00,0,NW
2006-10-16 01:45:00,0,NW
2006-10-16 02:00:00,2,NW
2006-10-16 02:15:00,0,NW
2006-10-16 02:30:00,0,NW
2006-10-16 02:45:00,0,NW
2006-10-16 03:00:00,1,NW
2006-10-16 03:15:00,0,NW
2006-10-16 03:30:00,0,NW
2006-10-16 03:45:00,0,NW
2006-10-16 04:00:00,1,NW
2006-10-16 04:15:00,0,NW
2006-10-16 04:30:00,0,NW
2006-10-16 04:45:00,0,NW
2006-10-16 05:00:00,0,NW
2006-10-16 05:15:00,0,NW
2006-10-16 05:30:00,0,NW
2006-10-16 05:45:00,1,NW
2006-10-16 06:00:00,0,NW
2006-10-16 06:15:00,2,NW
2006-10-16 06:30:00,1,NW
2006-10-16 06:45:00,5,NW
2006-10-16 07:00:00,2,NW
2006-10-16 07:15:00,4,NW
2006-10-16 07:30:00,13,NW
2006-10-16 07:45:00,17,NW
2006-10-16 08:00:00,16,NW
2006-10-16 08:15:00,29,NW
2006-10-16 08:30:00,19,NW
2006-10-16 08:45:00,16,NW
2006-10-16 09:00:00,17,NW
2006-10-16 09:15:00,13,NW
2006-10-16 09:30:00,17,NW
2006-10-16 09:45:00,12,NW
2006-10-16 10:00:00,7,NW
2006-10-16 10:15:00,5,NW
2006-10-16 10:30:00,14,NW
2006-10-16 10:45:00,6,NW
2006-10-16 11:00:00,3,NW
2006-10-16 11:15:00,2,NW
2006-10-16 11:30:00,14,NW
2006-10-16 11:45:00,10,NW
2006-10-16 12:00:00,7,NW
2006-10-16 12:15:00,5,NW
2006-10-16 12:30:00,15,NW
2006-10-16 12:45:00,12,NW
2006-10-16 13:00:00,8,NW
2006-10-16 13:15:00,4,NW
2006-10-16 13:30:00,14,NW
2006-10-16 13:45:00,12,NW
2006-10-16 14:00:00,14,NW
2006-10-16 14:15:00,7,NW
2006-10-16 14:30:00,13,NW
2006-10-16 14:45:00,13,NW
2006-10-16 15:00:00,20,NW
2006-10-16 15:15:00,22,NW
2006-10-16 15:30:00,19,NW
2006-10-16 15:45:00,28,NW
2006-10-16 16:00:00,24,NW
2006-10-16 16:15:00,22,NW
2006-10-16 16:30:00,18,NW
2006-10-16 16:45:00,19,NW
2006-10-16 17:00:00,23,NW
2006-10-16 17:15:00,20,NW
2006-10-16 17:30:00,24,NW
2006-10-16 17:45:00,34,NW
2006-10-16 18:00:00,25,NW
2006-10-16 18:15:00,18,NW
2006-10-16 18:30:00,25,NW
2006-10-16 18:45:00,18,NW
2006-10-16 19:00:00,18,NW
2006-10-16 19:15:00,19,NW
2006-10-16 19:30:00,8,NW
2006-10-16 19:45:00,3,NW
2006-10-16 20:00:00,13,NW
2006-10-16 20:15:00,3,NW
2006-10-16 20:30:00,9,NW
2006-10-16 20:45:00,6,NW
2006-10-16 21:00:00,4,NW
2006-10-16 21:15:00,1,NW
2006-10-16 21:30:00,2,NW
2006-10-16 21:45:00,6,NW
2006-10-16 22:00:00,3,NW
2006-10-16 22:15:00,1,NW
2006-10-16 22:30:00,1,NW
2006-10-16 22:45:00,1,NW
2006-10-16 23:00:00,2,NW
2006-10-16 23:15:00,3,NW
2006-10-16 23:30:00,2,NW
2006-10-16 23:45:00,0,NW
2006-10-17 00:00:00,1,NW
2006-10-17 00:15:00,1,NW
2006-10-17 00:30:00,1,NW
2006-10-17 00:45:00,0,NW
2006-10-17 01:00:00,0,NW
2006-10-17 01:15:00,0,NW
2006-10-17 01:30:00,0,NW
2006-10-17 01:45:00,0,NW
2006-10-17 02:00:00,0,NW
2006-10-17 02:15:00,0,NW
2006-10-17 02:30:00,0,NW
2006-10-17 02:45:00,0,NW
2006-10-17 03:00:00,0,NW
2006-10-17 03:15:00,0,NW
2006-10-17 03:30:00,0,NW
2006-10-17 03:45:00,0,NW
2006-10-17 04:00:00,0,NW
2006-10-17 04:15:00,0,NW
2006-10-17 04:30:00,0,NW
2006-10-17 04:45:00,0,NW
2006-10-17 05:00:00,0,NW
2006-10-17 05:15:00,0,NW
2006-10-17 05:30:00,1,NW
2006-10-17 05:45:00,1,NW
2006-10-17 06:00:00,0,NW
2006-10-17 06:15:00,2,NW
2006-10-17 06:30:00,2,NW
2006-10-17 06:45:00,3,NW
2006-10-17 07:00:00,3,NW
2006-10-17 07:15:00,4,NW
2006-10-17 07:30:00,11,NW
2006-10-17 07:45:00,16,NW
2006-10-17 08:00:00,25,NW
2006-10-17 08:15:00,28,NW
2006-10-17 08:30:00,20,NW
2006-10-17 08:45:00,20,NW
2006-10-17 09:00:00,6,NW
2006-10-17 09:15:00,18,NW
2006-10-17 09:30:00,10,NW
2006-10-17 09:45:00,8,NW
2006-10-17 10:00:00,10,NW
2006-10-17 10:15:00,11,NW
2006-10-17 10:30:00,11,NW
2006-10-17 10:45:00,9,NW
2006-10-17 11:00:00,11,NW
2006-10-17 11:15:00,9,NW
2006-10-17 11:30:00,8,NW
2006-10-17 11:45:00,6,NW
2006-10-17 12:00:00,10,NW
2006-10-17 12:15:00,9,NW
2006-10-17 12:30:00,12,NW
2006-10-17 12:45:00,9,NW
2006-10-17 13:00:00,9,NW
2006-10-17 13:15:00,5,NW
2006-10-17 13:30:00,9,NW
2006-10-17 13:45:00,13,NW
2006-10-17 14:00:00,12,NW
2006-10-17 14:15:00,8,NW
2006-10-17 14:30:00,10,NW
2006-10-17 14:45:00,6,NW
2006-10-17 15:00:00,16,NW
2006-10-17 15:15:00,15,NW
2006-10-17 15:30:00,19,NW
2006-10-17 15:45:00,26,NW
2006-10-17 16:00:00,12,NW
2006-10-17 16:15:00,26,NW
2006-10-17 16:30:00,24,NW
2006-10-17 16:45:00,16,NW
2006-10-17 17:00:00,27,NW
2006-10-17 17:15:00,17,NW
2006-10-17 17:30:00,20,NW
2006-10-17 17:45:00,36,NW
2006-10-17 18:00:00,20,NW
2006-10-17 18:15:00,24,NW
2006-10-17 18:30:00,30,NW
2006-10-17 18:45:00,21,NW
2006-10-17 19:00:00,25,NW
2006-10-17 19:15:00,13,NW
2006-10-17 19:30:00,13,NW
2006-10-17 19:45:00,9,NW
2006-10-17 20:00:00,8,NW
2006-10-17 20:15:00,9,NW
2006-10-17 20:30:00,6,NW
2006-10-17 20:45:00,8,NW
2006-10-17 21:00:00,5,NW
2006-10-17 21:15:00,5,NW
2006-10-17 21:30:00,8,NW
2006-10-17 21:45:00,0,NW
2006-10-17 22:00:00,4,NW
2006-10-17 22:15:00,2,NW
2006-10-17 22:30:00,3,NW
2006-10-17 22:45:00,3,NW
2006-10-17 23:00:00,4,NW
2006-10-17 23:15:00,7,NW
2006-10-17 23:30:00,4,NW
2006-10-17 23:45:00,3,NW
2006-10-18 00:00:00,0,NW
2006-10-18 00:15:00,0,NW
2006-10-18 00:30:00,2,NW
2006-10-18 00:45:00,2,NW
2006-10-18 01:00:00,0,NW
2006-10-18 01:15:00,0,NW
2006-10-18 01:30:00,1,NW
2006-10-18 01:45:00,0,NW
2006-10-18 02:00:00,0,NW
2006-10-18 02:15:00,0,NW
2006-10-18 02:30:00,0,NW
2006-10-18 02:45:00,1,NW
2006-10-18 03:00:00,0,NW
2006-10-18 03:15:00,2,NW
2006-10-18 03:30:00,0,NW
2006-10-18 03:45:00,0,NW
2006-10-18 04:00:00,1,NW
2006-10-18 04:15:00,0,NW
2006-10-18 04:30:00,0,NW
2006-10-18 04:45:00,0,NW
2006-10-18 05:00:00,0,NW
2006-10-18 05:15:00,1,NW
2006-10-18 05:30:00,2,NW
2006-10-18 05:45:00,1,NW
2006-10-18 06:00:00,0,NW
2006-10-18 06:15:00,4,NW
2006-10-18 06:30:00,1,NW
2006-10-18 06:45:00,3,NW
2006-10-18 07:00:00,7,NW
2006-10-18 07:15:00,3,NW
2006-10-18 07:30:00,15,NW
2006-10-18 07:45:00,19,NW
2006-10-18 08:00:00,20,NW
2006-10-18 08:15:00,31,NW
2006-10-18 08:30:00,18,NW
2006-10-18 08:45:00,20,NW
2006-10-18 09:00:00,12,NW
2006-10-18 09:15:00,9,NW
2006-10-18 09:30:00,7,NW
2006-10-18 09:45:00,10,NW
2006-10-18 10:00:00,16,NW
2006-10-18 10:15:00,10,NW
2006-10-18 10:30:00,11,NW
2006-10-18 10:45:00,12,NW
2006-10-18 11:00:00,10,NW
2006-10-18 11:15:00,6,NW
2006-10-18 11:30:00,15,NW
2006-10-18 11:45:00,7,NW
2006-10-18 12:00:00,13,NW
2006-10-18 12:15:00,5,NW
2006-10-18 12:30:00,18,NW
2006-10-18 12:45:00,11,NW
2006-10-18 13:00:00,10,NW
2006-10-18 13:15:00,8,NW
2006-10-18 13:30:00,9,NW
2006-10-18 13:45:00,6,NW
2006-10-18 14:00:00,13,NW
2006-10-18 14:15:00,7,NW
2006-10-18 14:30:00,11,NW
2006-10-18 14:45:00,6,NW
2006-10-18 15:00:00,14,NW
2006-10-18 15:15:00,12,NW
2006-10-18 15:30:00,17,NW
2006-10-18 15:45:00,21,NW
2006-10-18 16:00:00,20,NW
2006-10-18 16:15:00,16,NW
2006-10-18 16:30:00,21,NW
2006-10-18 16:45:00,16,NW
2006-10-18 17:00:00,23,NW
2006-10-18 17:15:00,18,NW
2006-10-18 17:30:00,17,NW
2006-10-18 17:45:00,27,NW
2006-10-18 18:00:00,30,NW
2006-10-18 18:15:00,29,NW
2006-10-18 18:30:00,10,NW
2006-10-18 18:45:00,26,NW
2006-10-18 19:00:00,20,NW
2006-10-18 19:15:00,12,NW
2006-10-18 19:30:00,12,NW
2006-10-18 19:45:00,7,NW
2006-10-18 20:00:00,10,NW
2006-10-18 20:15:00,5,NW
2006-10-18 20:30:00,6,NW
2006-10-18 20:45:00,2,NW
2006-10-18 21:00:00,5,NW
2006-10-18 21:15:00,3,NW
2006-10-18 21:30:00,4,NW
2006-10-18 21:45:00,1,NW
2006-10-18 22:00:00,2,NW
2006-10-18 22:15:00,4,NW
2006-10-18 22:30:00,1,NW
2006-10-18 22:45:00,4,NW
2006-10-18 23:00:00,5,NW
2006-10-18 23:15:00,1,NW
2006-10-18 23:30:00,3,NW
2006-10-18 23:45:00,1,NW
2006-10-19 00:00:00,2,NW
2006-10-19 00:15:00,1,NW
2006-10-19 00:30:00,5,NW
2006-10-19 00:45:00,3,NW
2006-10-19 01:00:00,1,NW
2006-10-19 01:15:00,4,NW
2006-10-19 01:30:00,1,NW
2006-10-19 01:45:00,0,NW
2006-10-19 02:00:00,0,NW
2006-10-19 02:15:00,1,NW
2006-10-19 02:30:00,0,NW
2006-10-19 02:45:00,0,NW
2006-10-19 03:00:00,2,NW
2006-10-19 03:15:00,1,NW
2006-10-19 03:30:00,0,NW
2006-10-19 03:45:00,0,NW
2006-10-19 04:00:00,0,NW
2006-10-19 04:15:00,0,NW
2006-10-19 04:30:00,0,NW
2006-10-19 04:45:00,0,NW
2006-10-19 05:00:00,1,NW
2006-10-19 05:15:00,2,NW
2006-10-19 05:30:00,0,NW
2006-10-19 05:45:00,3,NW
2006-10-19 06:00:00,2,NW
2006-10-19 06:15:00,2,NW
2006-10-19 06:30:00,0,NW
2006-10-19 06:45:00,2,NW
2006-10-19 07:00:00,2,NW
2006-10-19 07:15:00,4,NW
2006-10-19 07:30:00,15,NW
2006-10-19 07:45:00,15,NW
2006-10-19 08:00:00,21,NW
2006-10-19 08:15:00,20,NW
2006-10-19 08:30:00,23,NW
2006-10-19 08:45:00,14,NW
2006-10-19 09:00:00,18,NW
2006-10-19 09:15:00,9,NW
2006-10-19 09:30:00,17,NW
2006-10-19 09:45:00,7,NW
2006-10-19 10:00:00,12,NW
2006-10-19 10:15:00,5,NW
2006-10-19 10:30:00,10,NW
2006-10-19 10:45:00,6,NW
2006-10-19 11:00:00,14,NW
2006-10-19 11:15:00,5,NW
2006-10-19 11:30:00,7,NW
2006-10-19 11:45:00,9,NW
2006-10-19 12:00:00,14,NW
2006-10-19 12:15:00,4,NW
2006-10-19 12:30:00,11,NW
2006-10-19 12:45:00,8,NW
2006-10-19 13:00:00,9,NW
2006-10-19 13:15:00,9,NW
2006-10-19 13:30:00,12,NW
2006-10-19 13:45:00,9,NW
2006-10-19 14:00:00,14,NW
2006-10-19 14:15:00,11,NW
2006-10-19 14:30:00,7,NW
2006-10-19 14:45:00,7,NW
2006-10-19 15:00:00,8,NW
2006-10-19 15:15:00,19,NW
2006-10-19 15:30:00,18,NW
2006-10-19 15:45:00,18,NW
2006-10-19 16:00:00,24,NW
2006-10-19 16:15:00,18,NW
2006-10-19 16:30:00,14,NW
2006-10-19 16:45:00,12,NW
2006-10-19 17:00:00,20,NW
2006-10-19 17:15:00,21,NW
2006-10-19 17:30:00,30,NW
2006-10-19 17:45:00,26,NW
2006-10-19 18:00:00,20,NW
2006-10-19 18:15:00,33,NW
2006-10-19 18:30:00,17,NW
2006-10-19 18:45:00,13,NW
2006-10-19 19:00:00,19,NW
2006-10-19 19:15:00,9,NW
2006-10-19 19:30:00,11,NW
2006-10-19 19:45:00,6,NW
2006-10-19 20:00:00,20,NW
2006-10-19 20:15:00,4,NW
2006-10-19 20:30:00,3,NW
2006-10-19 20:45:00,7,NW
2006-10-19 21:00:00,6,NW
2006-10-19 21:15:00,6,NW
2006-10-19 21:30:00,1,NW
2006-10-19 21:45:00,10,NW
2006-10-19 22:00:00,3,NW
2006-10-19 22:15:00,5,NW
2006-10-19 22:30:00,4,NW
2006-10-19 22:45:00,6,NW
2006-10-19 23:00:00,3,NW
2006-10-19 23:15:00,3,NW
2006-10-19 23:30:00,2,NW
2006-10-19 23:45:00,2,NW
2006-10-20 00:00:00,1,NW
2006-10-20 00:15:00,0,NW
2006-10-20 00:30:00,1,NW
2006-10-20 00:45:00,2,NW
2006-10-20 01:00:00,2,NW
2006-10-20 01:15:00,0,NW
2006-10-20 01:30:00,1,NW
2006-10-20 01:45:00,0,NW
2006-10-20 02:00:00,1,NW
2006-10-20 02:15:00,0,NW
2006-10-20 02:30:00,0,NW
2006-10-20 02:45:00,0,NW
2006-10-20 03:00:00,0,NW
2006-10-20 03:15:00,0,NW
2006-10-20 03:30:00,0,NW
2006-10-20 03:45:00,1,NW
2006-10-20 04:00:00,2,NW
2006-10-20 04:15:00,0,NW
2006-10-20 04:30:00,0,NW
2006-10-20 04:45:00,0,NW
2006-10-20 05:00:00,0,NW
2006-10-20 05:15:00,1,NW
2006-10-20 05:30:00,0,NW
2006-10-20 05:45:00,2,NW
2006-10-20 06:00:00,1,NW
2006-10-20 06:15:00,3,NW
2006-10-20 06:30:00,1,NW
2006-10-20 06:45:00,2,NW
2006-10-20 07:00:00,1,NW
2006-10-20 07:15:00,6,NW
2006-10-20 07:30:00,12,NW
2006-10-20 07:45:00,15,NW
2006-10-20 08:00:00,18,NW
2006-10-20 08:15:00,23,NW
2006-10-20 08:30:00,19,NW
2006-10-20 08:45:00,18,NW
2006-10-20 09:00:00,21,NW
2006-10-20 09:15:00,14,NW
2006-10-20 09:30:00,17,NW
2006-10-20 09:45:00,14,NW
2006-10-20 10:00:00,14,NW
2006-10-20 10:15:00,6,NW
2006-10-20 10:30:00,9,NW
2006-10-20 10:45:00,13,NW
2006-10-20 11:00:00,14,NW
2006-10-20 11:15:00,8,NW
2006-10-20 11:30:00,19,NW
2006-10-20 11:45:00,6,NW
2006-10-20 12:00:00,15,NW
2006-10-20 12:15:00,14,NW
2006-10-20 12:30:00,14,NW
2006-10-20 12:45:00,12,NW
2006-10-20 13:00:00,10,NW
2006-10-20 13:15:00,9,NW
2006-10-20 13:30:00,9,NW
2006-10-20 13:45:00,7,NW
2006-10-20 14:00:00,12,NW
2006-10-20 14:15:00,9,NW
2006-10-20 14:30:00,11,NW
2006-10-20 14:45:00,12,NW
2006-10-20 15:00:00,12,NW
2006-10-20 15:15:00,9,NW
2006-10-20 15:30:00,30,NW
2006-10-20 15:45:00,28,NW
2006-10-20 16:00:00,23,NW
2006-10-20 16:15:00,18,NW
2006-10-20 16:30:00,16,NW
2006-10-20 16:45:00,22,NW
2006-10-20 17:00:00,23,NW
2006-10-20 17:15:00,26,NW
2006-10-20 17:30:00,22,NW
2006-10-20 17:45:00,32,NW
2006-10-20 18:00:00,17,NW
2006-10-20 18:15:00,21,NW
2006-10-20 18:30:00,22,NW
2006-10-20 18:45:00,25,NW
2006-10-20 19:00:00,15,NW
2006-10-20 19:15:00,11,NW
2006-10-20 19:30:00,11,NW
2006-10-20 19:45:00,5,NW
2006-10-20 20:00:00,9,NW
2006-10-20 20:15:00,7,NW
2006-10-20 20:30:00,6,NW
2006-10-20 20:45:00,11,NW
2006-10-20 21:00:00,7,NW
2006-10-20 21:15:00,3,NW
2006-10-20 21:30:00,3,NW
2006-10-20 21:45:00,9,NW
2006-10-20 22:00:00,4,NW
2006-10-20 22:15:00,5,NW
2006-10-20 22:30:00,1,NW
2006-10-20 22:45:00,5,NW
2006-10-20 23:00:00,6,NW
2006-10-20 23:15:00,4,NW
2006-10-20 23:30:00,7,NW
2006-10-20 23:45:00,6,NW
2006-10-21 00:00:00,10,NW
2006-10-21 00:15:00,2,NW
2006-10-21 00:30:00,1,NW
2006-10-21 00:45:00,0,NW
2006-10-21 01:00:00,0,NW
2006-10-21 01:15:00,1,NW
2006-10-21 01:30:00,1,NW
2006-10-21 01:45:00,2,NW
2006-10-21 02:00:00,2,NW
2006-10-21 02:15:00,0,NW
2006-10-21 02:30:00,1,NW
2006-10-21 02:45:00,0,NW
2006-10-21 03:00:00,3,NW
2006-10-21 03:15:00,0,NW
2006-10-21 03:30:00,0,NW
2006-10-21 03:45:00,1,NW
2006-10-21 04:00:00,0,NW
2006-10-21 04:15:00,1,NW
2006-10-21 04:30:00,2,NW
2006-10-21 04:45:00,3,NW
2006-10-21 05:00:00,0,NW
2006-10-21 05:15:00,0,NW
2006-10-21 05:30:00,2,NW
2006-10-21 05:45:00,0,NW
2006-10-21 06:00:00,1,NW
2006-10-21 06:15:00,1,NW
2006-10-21 06:30:00,0,NW
2006-10-21 06:45:00,0,NW
2006-10-21 07:00:00,0,NW
2006-10-21 07:15:00,0,NW
2006-10-21 07:30:00,2,NW
2006-10-21 07:45:00,7,NW
2006-10-21 08:00:00,10,NW
2006-10-21 08:15:00,5,NW
2006-10-21 08:30:00,6,NW
2006-10-21 08:45:00,8,NW
2006-10-21 09:00:00,6,NW
2006-10-21 09:15:00,11,NW
2006-10-21 09:30:00,12,NW
2006-10-21 09:45:00,7,NW
2006-10-21 10:00:00,10,NW
2006-10-21 10:15:00,17,NW
2006-10-21 10:30:00,10,NW
2006-10-21 10:45:00,11,NW
2006-10-21 11:00:00,18,NW
2006-10-21 11:15:00,14,NW
2006-10-21 11:30:00,12,NW
2006-10-21 11:45:00,15,NW
2006-10-21 12:00:00,14,NW
2006-10-21 12:15:00,15,NW
2006-10-21 12:30:00,10,NW
2006-10-21 12:45:00,10,NW
2006-10-21 13:00:00,16,NW
2006-10-21 13:15:00,4,NW
2006-10-21 13:30:00,19,NW
2006-10-21 13:45:00,8,NW
2006-10-21 14:00:00,6,NW
2006-10-21 14:15:00,4,NW
2006-10-21 14:30:00,12,NW
2006-10-21 14:45:00,2,NW
2006-10-21 15:00:00,9,NW
2006-10-21 15:15:00,16,NW
2006-10-21 15:30:00,21,NW
2006-10-21 15:45:00,10,NW
2006-10-21 16:00:00,11,NW
2006-10-21 16:15:00,8,NW
2006-10-21 16:30:00,12,NW
2006-10-21 16:45:00,7,NW
2006-10-21 17:00:00,14,NW
2006-10-21 17:15:00,12,NW
2006-10-21 17:30:00,4,NW
2006-10-21 17:45:00,14,NW
2006-10-21 18:00:00,0,NW
2006-10-21 18:15:00,0,NW
2006-10-21 18:30:00,9,NW
2006-10-21 18:45:00,9,NW
2006-10-21 19:00:00,9,NW
2006-10-21 19:15:00,7,NW
2006-10-21 19:30:00,5,NW
2006-10-21 19:45:00,5,NW
2006-10-21 20:00:00,3,NW
2006-10-21 20:15:00,3,NW
2006-10-21 20:30:00,1,NW
2006-10-21 20:45:00,2,NW
2006-10-21 21:00:00,5,NW
2006-10-21 21:15:00,6,NW
2006-10-21 21:30:00,2,NW
2006-10-21 21:45:00,4,NW
2006-10-21 22:00:00,3,NW
2006-10-21 22:15:00,3,NW
2006-10-21 22:30:00,4,NW
2006-10-21 22:45:00,10,NW
2006-10-21 23:00:00,3,NW
2006-10-21 23:15:00,5,NW
2006-10-21 23:30:00,2,NW
2006-10-21 23:45:00,8,NW
2006-10-22 00:00:00,6,NW
2006-10-22 00:15:00,1,NW
2006-10-22 00:30:00,0,NW
2006-10-22 00:45:00,5,NW
2006-10-22 01:00:00,1,NW
2006-10-22 01:15:00,0,NW
2006-10-22 01:30:00,0,NW
2006-10-22 01:45:00,0,NW
2006-10-22 02:00:00,0,NW
2006-10-22 02:15:00,0,NW
2006-10-22 02:30:00,0,NW
2006-10-22 02:45:00,0,NW
2006-10-22 03:00:00,0,NW
2006-10-22 03:15:00,1,NW
2006-10-22 03:30:00,0,NW
2006-10-22 03:45:00,0,NW
2006-10-22 04:00:00,1,NW
2006-10-22 04:15:00,0,NW
2006-10-22 04:30:00,0,NW
2006-10-22 04:45:00,0,NW
2006-10-22 05:00:00,0,NW
2006-10-22 05:15:00,0,NW
2006-10-22 05:30:00,1,NW
2006-10-22 05:45:00,0,NW
2006-10-22 06:00:00,0,NW
2006-10-22 06:15:00,0,NW
2006-10-22 06:30:00,1,NW
2006-10-22 06:45:00,0,NW
2006-10-22 07:00:00,0,NW
2006-10-22 07:15:00,1,NW
2006-10-22 07:30:00,1,NW
2006-10-22 07:45:00,0,NW
2006-10-22 08:00:00,1,NW
2006-10-22 08:15:00,4,NW
2006-10-22 08:30:00,1,NW
2006-10-22 08:45:00,2,NW
2006-10-22 09:00:00,3,NW
2006-10-22 09:15:00,4,NW
2006-10-22 09:30:00,8,NW
2006-10-22 09:45:00,6,NW
2006-10-22 10:00:00,6,NW
2006-10-22 10:15:00,9,NW
2006-10-22 10:30:00,6,NW
2006-10-22 10:45:00,10,NW
2006-10-22 11:00:00,6,NW
2006-10-22 11:15:00,4,NW
2006-10-22 11:30:00,7,NW
2006-10-22 11:45:00,9,NW
2006-10-22 12:00:00,11,NW
2006-10-22 12:15:00,7,NW
2006-10-22 12:30:00,8,NW
2006-10-22 12:45:00,8,NW
2006-10-22 13:00:00,12,NW
2006-10-22 13:15:00,9,NW
2006-10-22 13:30:00,5,NW
2006-10-22 13:45:00,3,NW
2006-10-22 14:00:00,5,NW
2006-10-22 14:15:00,7,NW
2006-10-22 14:30:00,12,NW
2006-10-22 14:45:00,3,NW
2006-10-22 15:00:00,9,NW
2006-10-22 15:15:00,5,NW
2006-10-22 15:30:00,7,NW
2006-10-22 15:45:00,3,NW
2006-10-22 16:00:00,2,NW
2006-10-22 16:15:00,7,NW
2006-10-22 16:30:00,16,NW
2006-10-22 16:45:00,12,NW
2006-10-22 17:00:00,11,NW
2006-10-22 17:15:00,9,NW
2006-10-22 17:30:00,6,NW
2006-10-22 17:45:00,9,NW
2006-10-22 18:00:00,9,NW
2006-10-22 18:15:00,2,NW
2006-10-22 18:30:00,3,NW
2006-10-22 18:45:00,4,NW
2006-10-22 19:00:00,7,NW
2006-10-22 19:15:00,0,NW
2006-10-22 19:30:00,5,NW
2006-10-22 19:45:00,1,NW
2006-10-22 20:00:00,4,NW
2006-10-22 20:15:00,1,NW
2006-10-22 20:30:00,5,NW
2006-10-22 20:45:00,1,NW
2006-10-22 21:00:00,3,NW
2006-10-22 21:15:00,4,NW
2006-10-22 21:30:00,3,NW
2006-10-22 21:45:00,0,NW
2006-10-22 22:00:00,4,NW
2006-10-22 22:15:00,1,NW
2006-10-22 22:30:00,1,NW
2006-10-22 22:45:00,2,NW
2006-10-22 23:00:00,1,NW
2006-10-22 23:15:00,0,NW
2006-10-22 23:30:00,1,NW
2006-10-22 23:45:00,2,NW
2006-10-23 00:00:00,0,NW
2006-10-23 00:15:00,0,NW
2006-10-23 00:30:00,0,NW
2006-10-23 00:45:00,0,NW
2006-10-23 01:00:00,0,NW
2006-10-23 01:15:00,0,NW
2006-10-23 01:30:00,0,NW
2006-10-23 01:45:00,1,NW
2006-10-23 02:00:00,0,NW
2006-10-23 02:15:00,0,NW
2006-10-23 02:30:00,0,NW
2006-10-23 02:45:00,0,NW
2006-10-23 03:00:00,0,NW
2006-10-23 03:15:00,0,NW
2006-10-23 03:30:00,0,NW
2006-10-23 03:45:00,0,NW
2006-10-23 04:00:00,1,NW
2006-10-23 04:15:00,0,NW
2006-10-23 04:30:00,1,NW
2006-10-23 04:45:00,0,NW
2006-10-23 05:00:00,0,NW
2006-10-23 05:15:00,0,NW
2006-10-23 05:30:00,0,NW
2006-10-23 05:45:00,2,NW
2006-10-23 06:00:00,0,NW
2006-10-23 06:15:00,1,NW
2006-10-23 06:30:00,1,NW
2006-10-23 06:45:00,3,NW
2006-10-23 07:00:00,6,NW
2006-10-23 07:15:00,4,NW
2006-10-23 07:30:00,11,NW
2006-10-23 07:45:00,11,NW
2006-10-23 08:00:00,9,NW
2006-10-23 08:15:00,16,NW
2006-10-23 08:30:00,19,NW
2006-10-23 08:45:00,18,NW
2006-10-23 09:00:00,14,NW
2006-10-23 09:15:00,10,NW
2006-10-23 09:30:00,10,NW
2006-10-23 09:45:00,11,NW
2006-10-23 10:00:00,10,NW
2006-10-23 10:15:00,9,NW
2006-10-23 10:30:00,9,NW
2006-10-23 10:45:00,6,NW
2006-10-23 11:00:00,11,NW
2006-10-23 11:15:00,4,NW
2006-10-23 11:30:00,10,NW
2006-10-23 11:45:00,8,NW
2006-10-23 12:00:00,12,NW
2006-10-23 12:15:00,9,NW
2006-10-23 12:30:00,12,NW
2006-10-23 12:45:00,4,NW
2006-10-23 13:00:00,13,NW
2006-10-23 13:15:00,8,NW
2006-10-23 13:30:00,10,NW
2006-10-23 13:45:00,14,NW
2006-10-23 14:00:00,13,NW
2006-10-23 14:15:00,5,NW
2006-10-23 14:30:00,6,NW
2006-10-23 14:45:00,4,NW
2006-10-23 15:00:00,11,NW
2006-10-23 15:15:00,10,NW
2006-10-23 15:30:00,25,NW
2006-10-23 15:45:00,21,NW
2006-10-23 16:00:00,16,NW
2006-10-23 16:15:00,16,NW
2006-10-23 16:30:00,20,NW
2006-10-23 16:45:00,17,NW
2006-10-23 17:00:00,14,NW
2006-10-23 17:15:00,28,NW
2006-10-23 17:30:00,19,NW
2006-10-23 17:45:00,25,NW
2006-10-23 18:00:00,31,NW
2006-10-23 18:15:00,43,NW
2006-10-23 18:30:00,21,NW
2006-10-23 18:45:00,15,NW
2006-10-23 19:00:00,0,NW
2006-10-23 19:15:00,0,NW
2006-10-23 19:30:00,7,NW
2006-10-23 19:45:00,4,NW
2006-10-23 20:00:00,9,NW
2006-10-23 20:15:00,4,NW
2006-10-23 20:30:00,3,NW
2006-10-23 20:45:00,6,NW
2006-10-23 21:00:00,3,NW
2006-10-23 21:15:00,5,NW
2006-10-23 21:30:00,5,NW
2006-10-23 21:45:00,4,NW
2006-10-23 22:00:00,0,NW
2006-10-23 22:15:00,2,NW
2006-10-23 22:30:00,1,NW
2006-10-23 22:45:00,4,NW
2006-10-23 23:00:00,2,NW
2006-10-23 23:15:00,2,NW
2006-10-23 23:30:00,0,NW
2006-10-23 23:45:00,4,NW
2006-10-24 00:00:00,1,NW
2006-10-24 00:15:00,1,NW
2006-10-24 00:30:00,0,NW
2006-10-24 00:45:00,1,NW
2006-10-24 01:00:00,0,NW
2006-10-24 01:15:00,2,NW
2006-10-24 01:30:00,0,NW
2006-10-24 01:45:00,0,NW
2006-10-24 02:00:00,0,NW
2006-10-24 02:15:00,0,NW
2006-10-24 02:30:00,0,NW
2006-10-24 02:45:00,0,NW
2006-10-24 03:00:00,0,NW
2006-10-24 03:15:00,0,NW
2006-10-24 03:30:00,0,NW
2006-10-24 03:45:00,0,NW
2006-10-24 04:00:00,0,NW
2006-10-24 04:15:00,0,NW
2006-10-24 04:30:00,0,NW
2006-10-24 04:45:00,0,NW
2006-10-24 05:00:00,0,NW
2006-10-24 05:15:00,2,NW
2006-10-24 05:30:00,0,NW
2006-10-24 05:45:00,3,NW
2006-10-24 06:00:00,1,NW
2006-10-24 06:15:00,1,NW
2006-10-24 06:30:00,1,NW
2006-10-24 06:45:00,3,NW
2006-10-24 07:00:00,2,NW
2006-10-24 07:15:00,2,NW
2006-10-24 07:30:00,17,NW
2006-10-24 07:45:00,10,NW
2006-10-24 08:00:00,18,NW
2006-10-24 08:15:00,28,NW
2006-10-24 08:30:00,24,NW
2006-10-24 08:45:00,19,NW
2006-10-24 09:00:00,15,NW
2006-10-24 09:15:00,13,NW
2006-10-24 09:30:00,12,NW
2006-10-24 09:45:00,10,NW
2006-10-24 10:00:00,12,NW
2006-10-24 10:15:00,7,NW
2006-10-24 10:30:00,8,NW
2006-10-24 10:45:00,9,NW
2006-10-24 11:00:00,18,NW
2006-10-24 11:15:00,10,NW
2006-10-24 11:30:00,12,NW
2006-10-24 11:45:00,4,NW
2006-10-24 12:00:00,12,NW
2006-10-24 12:15:00,7,NW
2006-10-24 12:30:00,12,NW
2006-10-24 12:45:00,9,NW
2006-10-24 13:00:00,13,NW
2006-10-24 13:15:00,14,NW
2006-10-24 13:30:00,8,NW
2006-10-24 13:45:00,11,NW
2006-10-24 14:00:00,14,NW
2006-10-24 14:15:00,11,NW
2006-10-24 14:30:00,9,NW
2006-10-24 14:45:00,14,NW
2006-10-24 15:00:00,13,NW
2006-10-24 15:15:00,16,NW
2006-10-24 15:30:00,11,NW
2006-10-24 15:45:00,28,NW
2006-10-24 16:00:00,17,NW
2006-10-24 16:15:00,22,NW
2006-10-24 16:30:00,20,NW
2006-10-24 16:45:00,16,NW
2006-10-24 17:00:00,23,NW
2006-10-24 17:15:00,17,NW
2006-10-24 17:30:00,15,NW
2006-10-24 17:45:00,26,NW
2006-10-24 18:00:00,15,NW
2006-10-24 18:15:00,27,NW
2006-10-24 18:30:00,16,NW
2006-10-24 18:45:00,30,NW
2006-10-24 19:00:00,10,NW
2006-10-24 19:15:00,15,NW
2006-10-24 19:30:00,4,NW
2006-10-24 19:45:00,10,NW
2006-10-24 20:00:00,18,NW
2006-10-24 20:15:00,4,NW
2006-10-24 20:30:00,6,NW
2006-10-24 20:45:00,4,NW
2006-10-24 21:00:00,2,NW
2006-10-24 21:15:00,2,NW
2006-10-24 21:30:00,6,NW
2006-10-24 21:45:00,6,NW
2006-10-24 22:00:00,1,NW
2006-10-24 22:15:00,4,NW
2006-10-24 22:30:00,1,NW
2006-10-24 22:45:00,4,NW
2006-10-24 23:00:00,0,NW
2006-10-24 23:15:00,2,NW
2006-10-24 23:30:00,6,NW
2006-10-24 23:45:00,4,NW
2006-10-25 00:00:00,1,NW
2006-10-25 00:15:00,0,NW
2006-10-25 00:30:00,1,NW
2006-10-25 00:45:00,2,NW
2006-10-25 01:00:00,0,NW
2006-10-25 01:15:00,0,NW
2006-10-25 01:30:00,0,NW
2006-10-25 01:45:00,0,NW
2006-10-25 02:00:00,1,NW
2006-10-25 02:15:00,0,NW
2006-10-25 02:30:00,0,NW
2006-10-25 02:45:00,0,NW
2006-10-25 03:00:00,0,NW
2006-10-25 03:15:00,0,NW
2006-10-25 03:30:00,0,NW
2006-10-25 03:45:00,0,NW
2006-10-25 04:00:00,0,NW
2006-10-25 04:15:00,1,NW
2006-10-25 04:30:00,1,NW
2006-10-25 04:45:00,0,NW
2006-10-25 05:00:00,0,NW
2006-10-25 05:15:00,0,NW
2006-10-25 05:30:00,1,NW
2006-10-25 05:45:00,1,NW
2006-10-25 06:00:00,0,NW
2006-10-25 06:15:00,1,NW
2006-10-25 06:30:00,2,NW
2006-10-25 06:45:00,3,NW
2006-10-25 07:00:00,4,NW
2006-10-25 07:15:00,5,NW
2006-10-25 07:30:00,8,NW
2006-10-25 07:45:00,12,NW
2006-10-25 08:00:00,21,NW
2006-10-25 08:15:00,23,NW
2006-10-25 08:30:00,18,NW
2006-10-25 08:45:00,23,NW
2006-10-25 09:00:00,15,NW
2006-10-25 09:15:00,11,NW
2006-10-25 09:30:00,13,NW
2006-10-25 09:45:00,8,NW
2006-10-25 10:00:00,13,NW
2006-10-25 10:15:00,9,NW
2006-10-25 10:30:00,16,NW
2006-10-25 10:45:00,9,NW
2006-10-25 11:00:00,14,NW
2006-10-25 11:15:00,11,NW
2006-10-25 11:30:00,16,NW
2006-10-25 11:45:00,12,NW
2006-10-25 12:00:00,12,NW
2006-10-25 12:15:00,9,NW
2006-10-25 12:30:00,10,NW
2006-10-25 12:45:00,11,NW
2006-10-25 13:00:00,14,NW
2006-10-25 13:15:00,7,NW
2006-10-25 13:30:00,13,NW
2006-10-25 13:45:00,6,NW
2006-10-25 14:00:00,8,NW
2006-10-25 14:15:00,7,NW
2006-10-25 14:30:00,6,NW
2006-10-25 14:45:00,4,NW
2006-10-25 15:00:00,13,NW
2006-10-25 15:15:00,11,NW
2006-10-25 15:30:00,14,NW
2006-10-25 15:45:00,25,NW
2006-10-25 16:00:00,14,NW
2006-10-25 16:15:00,14,NW
2006-10-25 16:30:00,22,NW
2006-10-25 16:45:00,18,NW
2006-10-25 17:00:00,23,NW
2006-10-25 17:15:00,25,NW
2006-10-25 17:30:00,20,NW
2006-10-25 17:45:00,26,NW
2006-10-25 18:00:00,36,NW
2006-10-25 18:15:00,34,NW
2006-10-25 18:30:00,24,NW
2006-10-25 18:45:00,25,NW
2006-10-25 19:00:00,12,NW
2006-10-25 19:15:00,15,NW
2006-10-25 19:30:00,13,NW
2006-10-25 19:45:00,6,NW
2006-10-25 20:00:00,0,NW
2006-10-25 20:15:00,0,NW
2006-10-25 20:30:00,9,NW
2006-10-25 20:45:00,7,NW
2006-10-25 21:00:00,4,NW
2006-10-25 21:15:00,5,NW
2006-10-25 21:30:00,9,NW
2006-10-25 21:45:00,5,NW
2006-10-25 22:00:00,6,NW
2006-10-25 22:15:00,5,NW
2006-10-25 22:30:00,3,NW
2006-10-25 22:45:00,2,NW
2006-10-25 23:00:00,4,NW
2006-10-25 23:15:00,1,NW
2006-10-25 23:30:00,0,NW
2006-10-25 23:45:00,0,NW
2006-10-26 00:00:00,0,NW
2006-10-26 00:15:00,1,NW
2006-10-26 00:30:00,0,NW
2006-10-26 00:45:00,0,NW
2006-10-26 01:00:00,0,NW
2006-10-26 01:15:00,0,NW
2006-10-26 01:30:00,0,NW
2006-10-26 01:45:00,0,NW
2006-10-26 02:00:00,0,NW
2006-10-26 02:15:00,1,NW
2006-10-26 02:30:00,0,NW
2006-10-26 02:45:00,0,NW
2006-10-26 03:00:00,0,NW
2006-10-26 03:15:00,0,NW
2006-10-26 03:30:00,0,NW
2006-10-26 03:45:00,0,NW
2006-10-26 04:00:00,0,NW
2006-10-26 04:15:00,0,NW
2006-10-26 04:30:00,0,NW
2006-10-26 04:45:00,0,NW
2006-10-26 05:00:00,0,NW
2006-10-26 05:15:00,2,NW
2006-10-26 05:30:00,1,NW
2006-10-26 05:45:00,3,NW
2006-10-26 06:00:00,2,NW
2006-10-26 06:15:00,2,NW
2006-10-26 06:30:00,1,NW
2006-10-26 06:45:00,2,NW
2006-10-26 07:00:00,5,NW
2006-10-26 07:15:00,6,NW
2006-10-26 07:30:00,10,NW
2006-10-26 07:45:00,12,NW
2006-10-26 08:00:00,21,NW
2006-10-26 08:15:00,26,NW
2006-10-26 08:30:00,17,NW
2006-10-26 08:45:00,28,NW
2006-10-26 09:00:00,17,NW
2006-10-26 09:15:00,9,NW
2006-10-26 09:30:00,16,NW
2006-10-26 09:45:00,13,NW
2006-10-26 10:00:00,11,NW
2006-10-26 10:15:00,11,NW
2006-10-26 10:30:00,16,NW
2006-10-26 10:45:00,9,NW
2006-10-26 11:00:00,8,NW
2006-10-26 11:15:00,9,NW
2006-10-26 11:30:00,8,NW
2006-10-26 11:45:00,7,NW
2006-10-26 12:00:00,13,NW
2006-10-26 12:15:00,10,NW
2006-10-26 12:30:00,13,NW
2006-10-26 12:45:00,8,NW
2006-10-26 13:00:00,11,NW
2006-10-26 13:15:00,6,NW
2006-10-26 13:30:00,8,NW
2006-10-26 13:45:00,11,NW
2006-10-26 14:00:00,14,NW
2006-10-26 14:15:00,9,NW
2006-10-26 14:30:00,9,NW
2006-10-26 14:45:00,9,NW
2006-10-26 15:00:00,8,NW
2006-10-26 15:15:00,13,NW
2006-10-26 15:30:00,15,NW
2006-10-26 15:45:00,17,NW
2006-10-26 16:00:00,18,NW
2006-10-26 16:15:00,19,NW
2006-10-26 16:30:00,11,NW
2006-10-26 16:45:00,20,NW
2006-10-26 17:00:00,20,NW
2006-10-26 17:15:00,25,NW
2006-10-26 17:30:00,26,NW
2006-10-26 17:45:00,29,NW
2006-10-26 18:00:00,30,NW
2006-10-26 18:15:00,23,NW
2006-10-26 18:30:00,12,NW
2006-10-26 18:45:00,21,NW
2006-10-26 19:00:00,22,NW
2006-10-26 19:15:00,9,NW
2006-10-26 19:30:00,18,NW
2006-10-26 19:45:00,13,NW
2006-10-26 20:00:00,6,NW
2006-10-26 20:15:00,9,NW
2006-10-26 20:30:00,1,NW
2006-10-26 20:45:00,5,NW
2006-10-26 21:00:00,2,NW
2006-10-26 21:15:00,5,NW
2006-10-26 21:30:00,7,NW
2006-10-26 21:45:00,4,NW
2006-10-26 22:00:00,7,NW
2006-10-26 22:15:00,6,NW
2006-10-26 22:30:00,5,NW
2006-10-26 22:45:00,3,NW
2006-10-26 23:00:00,3,NW
2006-10-26 23:15:00,4,NW
2006-10-26 23:30:00,0,NW
2006-10-26 23:45:00,0,NW
2006-10-27 00:00:00,0,NW
2006-10-27 00:15:00,1,NW
2006-10-27 00:30:00,0,NW
2006-10-27 00:45:00,0,NW
2006-10-27 01:00:00,0,NW
2006-10-27 01:15:00,0,NW
2006-10-27 01:30:00,0,NW
2006-10-27 01:45:00,0,NW
2006-10-27 02:00:00,0,NW
2006-10-27 02:15:00,0,NW
2006-10-27 02:30:00,0,NW
2006-10-27 02:45:00,1,NW
2006-10-27 03:00:00,0,NW
2006-10-27 03:15:00,0,NW
2006-10-27 03:30:00,0,NW
2006-10-27 03:45:00,1,NW
2006-10-27 04:00:00,1,NW
2006-10-27 04:15:00,1,NW
2006-10-27 04:30:00,1,NW
2006-10-27 04:45:00,1,NW
2006-10-27 05:00:00,0,NW
2006-10-27 05:15:00,1,NW
2006-10-27 05:30:00,0,NW
2006-10-27 05:45:00,1,NW
2006-10-27 06:00:00,3,NW
2006-10-27 06:15:00,1,NW
2006-10-27 06:30:00,0,NW
2006-10-27 06:45:00,5,NW
2006-10-27 07:00:00,5,NW
2006-10-27 07:15:00,5,NW
2006-10-27 07:30:00,11,NW
2006-10-27 07:45:00,12,NW
2006-10-27 08:00:00,16,NW
2006-10-27 08:15:00,25,NW
2006-10-27 08:30:00,29,NW
2006-10-27 08:45:00,19,NW
2006-10-27 09:00:00,11,NW
2006-10-27 09:15:00,10,NW
2006-10-27 09:30:00,11,NW
2006-10-27 09:45:00,12,NW
2006-10-27 10:00:00,15,NW
2006-10-27 10:15:00,8,NW
2006-10-27 10:30:00,14,NW
2006-10-27 10:45:00,9,NW
2006-10-27 11:00:00,10,NW
2006-10-27 11:15:00,10,NW
2006-10-27 11:30:00,11,NW
2006-10-27 11:45:00,7,NW
2006-10-27 12:00:00,7,NW
2006-10-27 12:15:00,8,NW
2006-10-27 12:30:00,13,NW
2006-10-27 12:45:00,13,NW
2006-10-27 13:00:00,0,NW
2006-10-27 13:15:00,0,NW
2006-10-27 13:30:00,10,NW
2006-10-27 13:45:00,14,NW
2006-10-27 14:00:00,15,NW
2006-10-27 14:15:00,9,NW
2006-10-27 14:30:00,17,NW
2006-10-27 14:45:00,7,NW
2006-10-27 15:00:00,10,NW
2006-10-27 15:15:00,18,NW
2006-10-27 15:30:00,19,NW
2006-10-27 15:45:00,15,NW
2006-10-27 16:00:00,24,NW
2006-10-27 16:15:00,24,NW
2006-10-27 16:30:00,19,NW
2006-10-27 16:45:00,17,NW
2006-10-27 17:00:00,19,NW
2006-10-27 17:15:00,24,NW
2006-10-27 17:30:00,19,NW
2006-10-27 17:45:00,30,NW
2006-10-27 18:00:00,23,NW
2006-10-27 18:15:00,28,NW
2006-10-27 18:30:00,22,NW
2006-10-27 18:45:00,18,NW
2006-10-27 19:00:00,17,NW
2006-10-27 19:15:00,8,NW
2006-10-27 19:30:00,11,NW
2006-10-27 19:45:00,11,NW
2006-10-27 20:00:00,11,NW
2006-10-27 20:15:00,3,NW
2006-10-27 20:30:00,5,NW
2006-10-27 20:45:00,4,NW
2006-10-27 21:00:00,4,NW
2006-10-27 21:15:00,3,NW
2006-10-27 21:30:00,2,NW
2006-10-27 21:45:00,6,NW
2006-10-27 22:00:00,2,NW
2006-10-27 22:15:00,2,NW
2006-10-27 22:30:00,1,NW
2006-10-27 22:45:00,2,NW
2006-10-27 23:00:00,6,NW
2006-10-27 23:15:00,5,NW
2006-10-27 23:30:00,3,NW
2006-10-27 23:45:00,6,NW
2006-10-28 00:00:00,2,NW
2006-10-28 00:15:00,0,NW
2006-10-28 00:30:00,1,NW
2006-10-28 00:45:00,2,NW
2006-10-28 01:00:00,4,NW
2006-10-28 01:15:00,1,NW
2006-10-28 01:30:00,2,NW
2006-10-28 01:45:00,1,NW
2006-10-28 02:00:00,1,NW
2006-10-28 02:15:00,0,NW
2006-10-28 02:30:00,0,NW
2006-10-28 02:45:00,0,NW
2006-10-28 03:00:00,0,NW
2006-10-28 03:15:00,0,NW
2006-10-28 03:30:00,1,NW
2006-10-28 03:45:00,0,NW
2006-10-28 04:00:00,0,NW
2006-10-28 04:15:00,0,NW
2006-10-28 04:30:00,0,NW
2006-10-28 04:45:00,0,NW
2006-10-28 05:00:00,0,NW
2006-10-28 05:15:00,1,NW
2006-10-28 05:30:00,1,NW
2006-10-28 05:45:00,0,NW
2006-10-28 06:00:00,1,NW
2006-10-28 06:15:00,0,NW
2006-10-28 06:30:00,1,NW
2006-10-28 06:45:00,1,NW
2006-10-28 07:00:00,2,NW
2006-10-28 07:15:00,3,NW
2006-10-28 07:30:00,0,NW
2006-10-28 07:45:00,1,NW
2006-10-28 08:00:00,3,NW
2006-10-28 08:15:00,10,NW
2006-10-28 08:30:00,9,NW
2006-10-28 08:45:00,6,NW
2006-10-28 09:00:00,3,NW
2006-10-28 09:15:00,8,NW
2006-10-28 09:30:00,11,NW
2006-10-28 09:45:00,7,NW
2006-10-28 10:00:00,7,NW
2006-10-28 10:15:00,1,NW
2006-10-28 10:30:00,12,NW
2006-10-28 10:45:00,6,NW
2006-10-28 11:00:00,14,NW
2006-10-28 11:15:00,15,NW
2006-10-28 11:30:00,12,NW
2006-10-28 11:45:00,15,NW
2006-10-28 12:00:00,18,NW
2006-10-28 12:15:00,20,NW
2006-10-28 12:30:00,14,NW
2006-10-28 12:45:00,11,NW
2006-10-28 13:00:00,13,NW
2006-10-28 13:15:00,12,NW
2006-10-28 13:30:00,11,NW
2006-10-28 13:45:00,15,NW
2006-10-28 14:00:00,0,NW
2006-10-28 14:15:00,0,NW
2006-10-28 14:30:00,10,NW
2006-10-28 14:45:00,11,NW
2006-10-28 15:00:00,16,NW
2006-10-28 15:15:00,10,NW
2006-10-28 15:30:00,12,NW
2006-10-28 15:45:00,10,NW
2006-10-28 16:00:00,8,NW
2006-10-28 16:15:00,8,NW
2006-10-28 16:30:00,7,NW
2006-10-28 16:45:00,7,NW
2006-10-28 17:00:00,8,NW
2006-10-28 17:15:00,4,NW
2006-10-28 17:30:00,13,NW
2006-10-28 17:45:00,9,NW
2006-10-28 18:00:00,6,NW
2006-10-28 18:15:00,8,NW
2006-10-28 18:30:00,11,NW
2006-10-28 18:45:00,14,NW
2006-10-28 19:00:00,6,NW
2006-10-28 19:15:00,4,NW
2006-10-28 19:30:00,3,NW
2006-10-28 19:45:00,9,NW
2006-10-28 20:00:00,5,NW
2006-10-28 20:15:00,4,NW
2006-10-28 20:30:00,3,NW
2006-10-28 20:45:00,8,NW
2006-10-28 21:00:00,3,NW
2006-10-28 21:15:00,4,NW
2006-10-28 21:30:00,3,NW
2006-10-28 21:45:00,3,NW
2006-10-28 22:00:00,3,NW
2006-10-28 22:15:00,2,NW
2006-10-28 22:30:00,3,NW
2006-10-28 22:45:00,0,NW
2006-10-28 23:00:00,2,NW
2006-10-28 23:15:00,1,NW
2006-10-28 23:30:00,3,NW
2006-10-28 23:45:00,0,NW
2006-10-29 00:00:00,3,NW
2006-10-29 00:15:00,2,NW
2006-10-29 00:30:00,1,NW
2006-10-29 00:45:00,2,NW
2006-10-29 01:00:00,3,NW
2006-10-29 01:15:00,1,NW
2006-10-29 01:30:00,0,NW
2006-10-29 01:45:00,0,NW
2006-10-29 02:00:00,0,NW
2006-10-29 02:15:00,0,NW
2006-10-29 02:30:00,0,NW
2006-10-29 02:45:00,0,NW
2006-10-29 03:00:00,0,NW
2006-10-29 03:15:00,1,NW
2006-10-29 03:30:00,1,NW
2006-10-29 03:45:00,2,NW
2006-10-29 04:00:00,0,NW
2006-10-29 04:15:00,0,NW
2006-10-29 04:30:00,1,NW
2006-10-29 04:45:00,0,NW
2006-10-29 05:00:00,0,NW
2006-10-29 05:15:00,0,NW
2006-10-29 05:30:00,1,NW
2006-10-29 05:45:00,0,NW
2006-10-29 06:00:00,0,NW
2006-10-29 06:15:00,0,NW
2006-10-29 06:30:00,0,NW
2006-10-29 06:45:00,1,NW
2006-10-29 07:00:00,2,NW
2006-10-29 07:15:00,0,NW
2006-10-29 07:30:00,0,NW
2006-10-29 07:45:00,1,NW
2006-10-29 08:00:00,2,NW
2006-10-29 08:15:00,2,NW
2006-10-29 08:30:00,4,NW
2006-10-29 08:45:00,2,NW
2006-10-29 09:00:00,5,NW
2006-10-29 09:15:00,2,NW
2006-10-29 09:30:00,5,NW
2006-10-29 09:45:00,7,NW
2006-10-29 10:00:00,3,NW
2006-10-29 10:15:00,8,NW
2006-10-29 10:30:00,4,NW
2006-10-29 10:45:00,9,NW
2006-10-29 11:00:00,11,NW
2006-10-29 11:15:00,9,NW
2006-10-29 11:30:00,9,NW
2006-10-29 11:45:00,7,NW
2006-10-29 12:00:00,7,NW
2006-10-29 12:15:00,12,NW
2006-10-29 12:30:00,8,NW
2006-10-29 12:45:00,7,NW
2006-10-29 13:00:00,5,NW
2006-10-29 13:15:00,7,NW
2006-10-29 13:30:00,10,NW
2006-10-29 13:45:00,8,NW
2006-10-29 14:00:00,7,NW
2006-10-29 14:15:00,10,NW
2006-10-29 14:30:00,7,NW
2006-10-29 14:45:00,5,NW
2006-10-29 15:00:00,5,NW
2006-10-29 15:15:00,9,NW
2006-10-29 15:30:00,6,NW
2006-10-29 15:45:00,11,NW
2006-10-29 16:00:00,3,NW
2006-10-29 16:15:00,9,NW
2006-10-29 16:30:00,11,NW
2006-10-29 16:45:00,9,NW
2006-10-29 17:00:00,6,NW
2006-10-29 17:15:00,8,NW
2006-10-29 17:30:00,5,NW
2006-10-29 17:45:00,6,NW
2006-10-29 18:00:00,11,NW
2006-10-29 18:15:00,7,NW
2006-10-29 18:30:00,1,NW
2006-10-29 18:45:00,3,NW
2006-10-29 19:00:00,5,NW
2006-10-29 19:15:00,12,NW
2006-10-29 19:30:00,7,NW
2006-10-29 19:45:00,3,NW
2006-10-29 20:00:00,1,NW
2006-10-29 20:15:00,5,NW
2006-10-29 20:30:00,3,NW
2006-10-29 20:45:00,1,NW
2006-10-29 21:00:00,2,NW
2006-10-29 21:15:00,2,NW
2006-10-29 21:30:00,3,NW
2006-10-29 21:45:00,2,NW
2006-10-29 22:00:00,0,NW
2006-10-29 22:15:00,4,NW
2006-10-29 22:30:00,2,NW
2006-10-29 22:45:00,4,NW
2006-10-29 23:00:00,1,NW
2006-10-29 23:15:00,3,NW
2006-10-29 23:30:00,2,NW
2006-10-29 23:45:00,1,NW
2006-10-30 00:00:00,1,NW
2006-10-30 00:15:00,0,NW
2006-10-30 00:30:00,0,NW
2006-10-30 00:45:00,2,NW
2006-10-30 01:00:00,0,NW
2006-10-30 01:15:00,0,NW
2006-10-30 01:30:00,0,NW
2006-10-30 01:45:00,0,NW
2006-10-30 02:00:00,0,NW
2006-10-30 02:15:00,0,NW
2006-10-30 02:30:00,0,NW
2006-10-30 02:45:00,0,NW
2006-10-30 03:00:00,0,NW
2006-10-30 03:15:00,1,NW
2006-10-30 03:30:00,0,NW
2006-10-30 03:45:00,1,NW
2006-10-30 04:00:00,0,NW
2006-10-30 04:15:00,0,NW
2006-10-30 04:30:00,0,NW
2006-10-30 04:45:00,1,NW
2006-10-30 05:00:00,0,NW
2006-10-30 05:15:00,0,NW
2006-10-30 05:30:00,0,NW
2006-10-30 05:45:00,1,NW
2006-10-30 06:00:00,0,NW
2006-10-30 06:15:00,2,NW
2006-10-30 06:30:00,1,NW
2006-10-30 06:45:00,2,NW
2006-10-30 07:00:00,6,NW
2006-10-30 07:15:00,7,NW
2006-10-30 07:30:00,18,NW
2006-10-30 07:45:00,10,NW
2006-10-30 08:00:00,17,NW
2006-10-30 08:15:00,22,NW
2006-10-30 08:30:00,26,NW
2006-10-30 08:45:00,12,NW
2006-10-30 09:00:00,14,NW
2006-10-30 09:15:00,12,NW
2006-10-30 09:30:00,7,NW
2006-10-30 09:45:00,13,NW
2006-10-30 10:00:00,12,NW
2006-10-30 10:15:00,6,NW
2006-10-30 10:30:00,12,NW
2006-10-30 10:45:00,11,NW
2006-10-30 11:00:00,8,NW
2006-10-30 11:15:00,9,NW
2006-10-30 11:30:00,14,NW
2006-10-30 11:45:00,9,NW
2006-10-30 12:00:00,9,NW
2006-10-30 12:15:00,10,NW
2006-10-30 12:30:00,12,NW
2006-10-30 12:45:00,9,NW
2006-10-30 13:00:00,0,NW
2006-10-30 13:15:00,0,NW
2006-10-30 13:30:00,11,NW
2006-10-30 13:45:00,4,NW
2006-10-30 14:00:00,15,NW
2006-10-30 14:15:00,8,NW
2006-10-30 14:30:00,16,NW
2006-10-30 14:45:00,6,NW
2006-10-30 15:00:00,11,NW
2006-10-30 15:15:00,20,NW
2006-10-30 15:30:00,19,NW
2006-10-30 15:45:00,25,NW
2006-10-30 16:00:00,14,NW
2006-10-30 16:15:00,17,NW
2006-10-30 16:30:00,13,NW
2006-10-30 16:45:00,17,NW
2006-10-30 17:00:00,18,NW
2006-10-30 17:15:00,23,NW
2006-10-30 17:30:00,21,NW
2006-10-30 17:45:00,19,NW
2006-10-30 18:00:00,22,NW
2006-10-30 18:15:00,18,NW
2006-10-30 18:30:00,32,NW
2006-10-30 18:45:00,29,NW
2006-10-30 19:00:00,11,NW
2006-10-30 19:15:00,18,NW
2006-10-30 19:30:00,9,NW
2006-10-30 19:45:00,3,NW
2006-10-30 20:00:00,9,NW
2006-10-30 20:15:00,2,NW
2006-10-30 20:30:00,7,NW
2006-10-30 20:45:00,3,NW
2006-10-30 21:00:00,3,NW
2006-10-30 21:15:00,3,NW
2006-10-30 21:30:00,0,NW
2006-10-30 21:45:00,1,NW
2006-10-30 22:00:00,3,NW
2006-10-30 22:15:00,2,NW
2006-10-30 22:30:00,2,NW
2006-10-30 22:45:00,3,NW
2006-10-30 23:00:00,5,NW
2006-10-30 23:15:00,1,NW
2006-10-30 23:30:00,0,NW
2006-10-30 23:45:00,2,NW
2006-10-31 00:00:00,2,NW
2006-10-31 00:15:00,1,NW
2006-10-31 00:30:00,0,NW
2006-10-31 00:45:00,0,NW
2006-10-31 01:00:00,0,NW
2006-10-31 01:15:00,2,NW
2006-10-31 01:30:00,0,NW
2006-10-31 01:45:00,0,NW
2006-10-31 02:00:00,0,NW
2006-10-31 02:15:00,0,NW
2006-10-31 02:30:00,0,NW
2006-10-31 02:45:00,1,NW
2006-10-31 03:00:00,0,NW
2006-10-31 03:15:00,0,NW
2006-10-31 03:30:00,0,NW
2006-10-31 03:45:00,0,NW
2006-10-31 04:00:00,0,NW
2006-10-31 04:15:00,0,NW
2006-10-31 04:30:00,0,NW
2006-10-31 04:45:00,0,NW
2006-10-31 05:00:00,0,NW
2006-10-31 05:15:00,1,NW
2006-10-31 05:30:00,1,NW
2006-10-31 05:45:00,1,NW
2006-10-31 06:00:00,1,NW
2006-10-31 06:15:00,1,NW
2006-10-31 06:30:00,2,NW
2006-10-31 06:45:00,2,NW
2006-10-31 07:00:00,0,NW
2006-10-31 07:15:00,2,NW
2006-10-31 07:30:00,12,NW
2006-10-31 07:45:00,11,NW
2006-10-31 08:00:00,24,NW
2006-10-31 08:15:00,27,NW
2006-10-31 08:30:00,23,NW
2006-10-31 08:45:00,18,NW
2006-10-31 09:00:00,14,NW
2006-10-31 09:15:00,9,NW
2006-10-31 09:30:00,12,NW
2006-10-31 09:45:00,13,NW
2006-10-31 10:00:00,14,NW
2006-10-31 10:15:00,12,NW
2006-10-31 10:30:00,14,NW
2006-10-31 10:45:00,5,NW
2006-10-31 11:00:00,9,NW
2006-10-31 11:15:00,6,NW
2006-10-31 11:30:00,11,NW
2006-10-31 11:45:00,8,NW
2006-10-31 12:00:00,7,NW
2006-10-31 12:15:00,6,NW
2006-10-31 12:30:00,13,NW
2006-10-31 12:45:00,5,NW
2006-10-31 13:00:00,14,NW
2006-10-31 13:15:00,6,NW
2006-10-31 13:30:00,9,NW
2006-10-31 13:45:00,9,NW
2006-10-31 14:00:00,15,NW
2006-10-31 14:15:00,5,NW
2006-10-31 14:30:00,11,NW
2006-10-31 14:45:00,6,NW
2006-10-31 15:00:00,9,NW
2006-10-31 15:15:00,13,NW
2006-10-31 15:30:00,19,NW
2006-10-31 15:45:00,27,NW
2006-10-31 16:00:00,13,NW
2006-10-31 16:15:00,14,NW
2006-10-31 16:30:00,16,NW
2006-10-31 16:45:00,20,NW
2006-10-31 17:00:00,22,NW
2006-10-31 17:15:00,18,NW
2006-10-31 17:30:00,16,NW
2006-10-31 17:45:00,29,NW
2006-10-31 18:00:00,20,NW
2006-10-31 18:15:00,32,NW
2006-10-31 18:30:00,12,NW
2006-10-31 18:45:00,24,NW
2006-10-31 19:00:00,23,NW
2006-10-31 19:15:00,16,NW
2006-10-31 19:30:00,14,NW
2006-10-31 19:45:00,7,NW
2006-10-31 20:00:00,13,NW
2006-10-31 20:15:00,13,NW
2006-10-31 20:30:00,3,NW
2006-10-31 20:45:00,7,NW
2006-10-31 21:00:00,9,NW
2006-10-31 21:15:00,3,NW
2006-10-31 21:30:00,5,NW
2006-10-31 21:45:00,4,NW
2006-10-31 22:00:00,7,NW
2006-10-31 22:15:00,1,NW
2006-10-31 22:30:00,2,NW
2006-10-31 22:45:00,0,NW
2006-10-31 23:00:00,2,NW
2006-10-31 23:15:00,4,NW
2006-10-31 23:30:00,2,NW
2006-10-31 23:45:00,3,NW
2006-11-01 00:00:00,2,NW
2006-10-01 00:15:00,43,S
2006-10-01 00:30:00,33,S
2006-10-01 00:45:00,34,S
2006-10-01 01:00:00,33,S
2006-10-01 01:15:00,24,S
2006-10-01 01:30:00,25,S
2006-10-01 01:45:00,19,S
2006-10-01 02:00:00,15,S
2006-10-01 02:15:00,18,S
2006-10-01 02:30:00,16,S
2006-10-01 02:45:00,20,S
2006-10-01 03:00:00,13,S
2006-10-01 03:15:00,13,S
2006-10-01 03:30:00,12,S
2006-10-01 03:45:00,14,S
2006-10-01 04:00:00,10,S
2006-10-01 04:15:00,16,S
2006-10-01 04:30:00,17,S
2006-10-01 04:45:00,16,S
2006-10-01 05:00:00,5,S
2006-10-01 05:15:00,7,S
2006-10-01 05:30:00,12,S
2006-10-01 05:45:00,7,S
2006-10-01 06:00:00,8,S
2006-10-01 06:15:00,9,S
2006-10-01 06:30:00,6,S
2006-10-01 06:45:00,5,S
2006-10-01 07:00:00,11,S
2006-10-01 07:15:00,13,S
2006-10-01 07:30:00,13,S
2006-10-01 07:45:00,6,S
2006-10-01 08:00:00,10,S
2006-10-01 08:15:00,10,S
2006-10-01 08:30:00,14,S
2006-10-01 08:45:00,18,S
2006-10-01 09:00:00,23,S
2006-10-01 09:15:00,25,S
2006-10-01 09:30:00,28,S
2006-10-01 09:45:00,37,S
2006-10-01 10:00:00,33,S
2006-10-01 10:15:00,42,S
2006-10-01 10:30:00,37,S
2006-10-01 10:45:00,37,S
2006-10-01 11:00:00,48,S
2006-10-01 11:15:00,45,S
2006-10-01 11:30:00,47,S
2006-10-01 11:45:00,60,S
2006-10-01 12:00:00,59,S
2006-10-01 12:15:00,41,S
2006-10-01 12:30:00,70,S
2006-10-01 12:45:00,58,S
2006-10-01 13:00:00,54,S
2006-10-01 13:15:00,72,S
2006-10-01 13:30:00,50,S
2006-10-01 13:45:00,64,S
2006-10-01 14:00:00,53,S
2006-10-01 14:15:00,52,S
2006-10-01 14:30:00,60,S
2006-10-01 14:45:00,62,S
2006-10-01 15:00:00,60,S
2006-10-01 15:15:00,63,S
2006-10-01 15:30:00,66,S
2006-10-01 15:45:00,86,S
2006-10-01 16:00:00,86,S
2006-10-01 16:15:00,52,S
2006-10-01 16:30:00,82,S
2006-10-01 16:45:00,67,S
2006-10-01 17:00:00,82,S
2006-10-01 17:15:00,79,S
2006-10-01 17:30:00,96,S
2006-10-01 17:45:00,78,S
2006-10-01 18:00:00,65,S
2006-10-01 18:15:00,82,S
2006-10-01 18:30:00,70,S
2006-10-01 18:45:00,63,S
2006-10-01 19:00:00,66,S
2006-10-01 19:15:00,49,S
2006-10-01 19:30:00,72,S
2006-10-01 19:45:00,65,S
2006-10-01 20:00:00,50,S
2006-10-01 20:15:00,30,S
2006-10-01 20:30:00,48,S
2006-10-01 20:45:00,33,S
2006-10-01 21:00:00,36,S
2006-10-01 21:15:00,47,S
2006-10-01 21:30:00,46,S
2006-10-01 21:45:00,43,S
2006-10-01 22:00:00,46,S
2006-10-01 22:15:00,33,S
2006-10-01 22:30:00,26,S
2006-10-01 22:45:00,28,S
2006-10-01 23:00:00,23,S
2006-10-01 23:15:00,15,S
2006-10-01 23:30:00,18,S
2006-10-01 23:45:00,22,S
2006-10-02 00:00:00,15,S
2006-10-02 00:15:00,16,S
2006-10-02 00:30:00,9,S
2006-10-02 00:45:00,14,S
2006-10-02 01:00:00,9,S
2006-10-02 01:15:00,7,S
2006-10-02 01:30:00,4,S
2006-10-02 01:45:00,5,S
2006-10-02 02:00:00,8,S
2006-10-02 02:15:00,4,S
2006-10-02 02:30:00,2,S
2006-10-02 02:45:00,7,S
2006-10-02 03:00:00,1,S
2006-10-02 03:15:00,4,S
2006-10-02 03:30:00,3,S
2006-10-02 03:45:00,3,S
2006-10-02 04:00:00,4,S
2006-10-02 04:15:00,4,S
2006-10-02 04:30:00,5,S
2006-10-02 04:45:00,1,S
2006-10-02 05:00:00,2,S
2006-10-02 05:15:00,2,S
2006-10-02 05:30:00,2,S
2006-10-02 05:45:00,3,S
2006-10-02 06:00:00,12,S
2006-10-02 06:15:00,12,S
2006-10-02 06:30:00,9,S
2006-10-02 06:45:00,27,S
2006-10-02 07:00:00,21,S
2006-10-02 07:15:00,42,S
2006-10-02 07:30:00,37,S
2006-10-02 07:45:00,36,S
2006-10-02 08:00:00,54,S
2006-10-02 08:15:00,53,S
2006-10-02 08:30:00,66,S
2006-10-02 08:45:00,70,S
2006-10-02 09:00:00,45,S
2006-10-02 09:15:00,58,S
2006-10-02 09:30:00,51,S
2006-10-02 09:45:00,60,S
2006-10-02 10:00:00,48,S
2006-10-02 10:15:00,45,S
2006-10-02 10:30:00,44,S
2006-10-02 10:45:00,41,S
2006-10-02 11:00:00,56,S
2006-10-02 11:15:00,61,S
2006-10-02 11:30:00,58,S
2006-10-02 11:45:00,74,S
2006-10-02 12:00:00,68,S
2006-10-02 12:15:00,61,S
2006-10-02 12:30:00,51,S
2006-10-02 12:45:00,68,S
2006-10-02 13:00:00,62,S
2006-10-02 13:15:00,42,S
2006-10-02 13:30:00,54,S
2006-10-02 13:45:00,56,S
2006-10-02 14:00:00,61,S
2006-10-02 14:15:00,69,S
2006-10-02 14:30:00,54,S
2006-10-02 14:45:00,67,S
2006-10-02 15:00:00,70,S
2006-10-02 15:15:00,74,S
2006-10-02 15:30:00,84,S
2006-10-02 15:45:00,150,S
2006-10-02 16:00:00,159,S
2006-10-02 16:15:00,168,S
2006-10-02 16:30:00,177,S
2006-10-02 16:45:00,175,S
2006-10-02 17:00:00,185,S
2006-10-02 17:15:00,161,S
2006-10-02 17:30:00,177,S
2006-10-02 17:45:00,170,S
2006-10-02 18:00:00,224,S
2006-10-02 18:15:00,206,S
2006-10-02 18:30:00,168,S
2006-10-02 18:45:00,165,S
2006-10-02 19:00:00,128,S
2006-10-02 19:15:00,119,S
2006-10-02 19:30:00,106,S
2006-10-02 19:45:00,85,S
2006-10-02 20:00:00,51,S
2006-10-02 20:15:00,48,S
2006-10-02 20:30:00,46,S
2006-10-02 20:45:00,40,S
2006-10-02 21:00:00,50,S
2006-10-02 21:15:00,38,S
2006-10-02 21:30:00,38,S
2006-10-02 21:45:00,53,S
2006-10-02 22:00:00,35,S
2006-10-02 22:15:00,38,S
2006-10-02 22:30:00,25,S
2006-10-02 22:45:00,26,S
2006-10-02 23:00:00,22,S
2006-10-02 23:15:00,19,S
2006-10-02 23:30:00,25,S
2006-10-02 23:45:00,17,S
2006-10-03 00:00:00,13,S
2006-10-03 00:15:00,9,S
2006-10-03 00:30:00,13,S
2006-10-03 00:45:00,10,S
2006-10-03 01:00:00,7,S
2006-10-03 01:15:00,7,S
2006-10-03 01:30:00,6,S
2006-10-03 01:45:00,6,S
2006-10-03 02:00:00,3,S
2006-10-03 02:15:00,6,S
2006-10-03 02:30:00,1,S
2006-10-03 02:45:00,5,S
2006-10-03 03:00:00,3,S
2006-10-03 03:15:00,3,S
2006-10-03 03:30:00,1,S
2006-10-03 03:45:00,4,S
2006-10-03 04:00:00,3,S
2006-10-03 04:15:00,2,S
2006-10-03 04:30:00,1,S
2006-10-03 04:45:00,5,S
2006-10-03 05:00:00,8,S
2006-10-03 05:15:00,1,S
2006-10-03 05:30:00,4,S
2006-10-03 05:45:00,12,S
2006-10-03 06:00:00,12,S
2006-10-03 06:15:00,16,S
2006-10-03 06:30:00,22,S
2006-10-03 06:45:00,33,S
2006-10-03 07:00:00,31,S
2006-10-03 07:15:00,40,S
2006-10-03 07:30:00,38,S
2006-10-03 07:45:00,39,S
2006-10-03 08:00:00,50,S
2006-10-03 08:15:00,37,S
2006-10-03 08:30:00,44,S
2006-10-03 08:45:00,63,S
2006-10-03 09:00:00,61,S
2006-10-03 09:15:00,48,S
2006-10-03 09:30:00,47,S
2006-10-03 09:45:00,49,S
2006-10-03 10:00:00,48,S
2006-10-03 10:15:00,51,S
2006-10-03 10:30:00,35,S
2006-10-03 10:45:00,47,S
2006-10-03 11:00:00,52,S
2006-10-03 11:15:00,67,S
2006-10-03 11:30:00,66,S
2006-10-03 11:45:00,53,S
2006-10-03 12:00:00,66,S
2006-10-03 12:15:00,43,S
2006-10-03 12:30:00,68,S
2006-10-03 12:45:00,68,S
2006-10-03 13:00:00,46,S
2006-10-03 13:15:00,62,S
2006-10-03 13:30:00,62,S
2006-10-03 13:45:00,61,S
2006-10-03 14:00:00,64,S
2006-10-03 14:15:00,74,S
2006-10-03 14:30:00,70,S
2006-10-03 14:45:00,55,S
2006-10-03 15:00:00,88,S
2006-10-03 15:15:00,102,S
2006-10-03 15:30:00,92,S
2006-10-03 15:45:00,116,S
2006-10-03 16:00:00,158,S
2006-10-03 16:15:00,175,S
2006-10-03 16:30:00,146,S
2006-10-03 16:45:00,143,S
2006-10-03 17:00:00,132,S
2006-10-03 17:15:00,147,S
2006-10-03 17:30:00,216,S
2006-10-03 17:45:00,239,S
2006-10-03 18:00:00,214,S
2006-10-03 18:15:00,244,S
2006-10-03 18:30:00,220,S
2006-10-03 18:45:00,172,S
2006-10-03 19:00:00,150,S
2006-10-03 19:15:00,123,S
2006-10-03 19:30:00,131,S
2006-10-03 19:45:00,69,S
2006-10-03 20:00:00,81,S
2006-10-03 20:15:00,89,S
2006-10-03 20:30:00,61,S
2006-10-03 20:45:00,69,S
2006-10-03 21:00:00,46,S
2006-10-03 21:15:00,56,S
2006-10-03 21:30:00,54,S
2006-10-03 21:45:00,53,S
2006-10-03 22:00:00,49,S
2006-10-03 22:15:00,50,S
2006-10-03 22:30:00,45,S
2006-10-03 22:45:00,31,S
2006-10-03 23:00:00,46,S
2006-10-03 23:15:00,36,S
2006-10-03 23:30:00,32,S
2006-10-03 23:45:00,27,S
2006-10-04 00:00:00,16,S
2006-10-04 00:15:00,16,S
2006-10-04 00:30:00,15,S
2006-10-04 00:45:00,19,S
2006-10-04 01:00:00,2,S
2006-10-04 01:15:00,9,S
2006-10-04 01:30:00,11,S
2006-10-04 01:45:00,7,S
2006-10-04 02:00:00,2,S
2006-10-04 02:15:00,4,S
2006-10-04 02:30:00,8,S
2006-10-04 02:45:00,2,S
2006-10-04 03:00:00,2,S
2006-10-04 03:15:00,1,S
2006-10-04 03:30:00,3,S
2006-10-04 03:45:00,2,S
2006-10-04 04:00:00,1,S
2006-10-04 04:15:00,4,S
2006-10-04 04:30:00,1,S
2006-10-04 04:45:00,1,S
2006-10-04 05:00:00,6,S
2006-10-04 05:15:00,3,S
2006-10-04 05:30:00,4,S
2006-10-04 05:45:00,6,S
2006-10-04 06:00:00,6,S
2006-10-04 06:15:00,12,S
2006-10-04 06:30:00,9,S
2006-10-04 06:45:00,22,S
2006-10-04 07:00:00,32,S
2006-10-04 07:15:00,45,S
2006-10-04 07:30:00,41,S
2006-10-04 07:45:00,41,S
2006-10-04 08:00:00,35,S
2006-10-04 08:15:00,52,S
2006-10-04 08:30:00,59,S
2006-10-04 08:45:00,62,S
2006-10-04 09:00:00,57,S
2006-10-04 09:15:00,58,S
2006-10-04 09:30:00,37,S
2006-10-04 09:45:00,45,S
2006-10-04 10:00:00,58,S
2006-10-04 10:15:00,49,S
2006-10-04 10:30:00,41,S
2006-10-04 10:45:00,41,S
2006-10-04 11:00:00,46,S
2006-10-04 11:15:00,33,S
2006-10-04 11:30:00,38,S
2006-10-04 11:45:00,56,S
2006-10-04 12:00:00,73,S
2006-10-04 12:15:00,79,S
2006-10-04 12:30:00,60,S
2006-10-04 12:45:00,59,S
2006-10-04 13:00:00,75,S
2006-10-04 13:15:00,76,S
2006-10-04 13:30:00,88,S
2006-10-04 13:45:00,54,S
2006-10-04 14:00:00,65,S
2006-10-04 14:15:00,59,S
2006-10-04 14:30:00,77,S
2006-10-04 14:45:00,69,S
2006-10-04 15:00:00,89,S
2006-10-04 15:15:00,85,S
2006-10-04 15:30:00,136,S
2006-10-04 15:45:00,177,S
2006-10-04 16:00:00,167,S
2006-10-04 16:15:00,156,S
2006-10-04 16:30:00,200,S
2006-10-04 16:45:00,145,S
2006-10-04 17:00:00,185,S
2006-10-04 17:15:00,176,S
2006-10-04 17:30:00,209,S
2006-10-04 17:45:00,220,S
2006-10-04 18:00:00,188,S
2006-10-04 18:15:00,218,S
2006-10-04 18:30:00,195,S
2006-10-04 18:45:00,201,S
2006-10-04 19:00:00,138,S
2006-10-04 19:15:00,116,S
2006-10-04 19:30:00,127,S
2006-10-04 19:45:00,91,S
2006-10-04 20:00:00,55,S
2006-10-04 20:15:00,49,S
2006-10-04 20:30:00,69,S
2006-10-04 20:45:00,59,S
2006-10-04 21:00:00,59,S
2006-10-04 21:15:00,57,S
2006-10-04 21:30:00,71,S
2006-10-04 21:45:00,57,S
2006-10-04 22:00:00,44,S
2006-10-04 22:15:00,50,S
2006-10-04 22:30:00,46,S
2006-10-04 22:45:00,45,S
2006-10-04 23:00:00,41,S
2006-10-04 23:15:00,36,S
2006-10-04 23:30:00,15,S
2006-10-04 23:45:00,24,S
2006-10-05 00:00:00,21,S
2006-10-05 00:15:00,18,S
2006-10-05 00:30:00,12,S
2006-10-05 00:45:00,11,S
2006-10-05 01:00:00,12,S
2006-10-05 01:15:00,8,S
2006-10-05 01:30:00,6,S
2006-10-05 01:45:00,5,S
2006-10-05 02:00:00,4,S
2006-10-05 02:15:00,4,S
2006-10-05 02:30:00,4,S
2006-10-05 02:45:00,6,S
2006-10-05 03:00:00,4,S
2006-10-05 03:15:00,4,S
2006-10-05 03:30:00,2,S
2006-10-05 03:45:00,0,S
2006-10-05 04:00:00,0,S
2006-10-05 04:15:00,3,S
2006-10-05 04:30:00,3,S
2006-10-05 04:45:00,3,S
2006-10-05 05:00:00,5,S
2006-10-05 05:15:00,6,S
2006-10-05 05:30:00,4,S
2006-10-05 05:45:00,5,S
2006-10-05 06:00:00,14,S
2006-10-05 06:15:00,15,S
2006-10-05 06:30:00,10,S
2006-10-05 06:45:00,25,S
2006-10-05 07:00:00,34,S
2006-10-05 07:15:00,30,S
2006-10-05 07:30:00,35,S
2006-10-05 07:45:00,42,S
2006-10-05 08:00:00,34,S
2006-10-05 08:15:00,41,S
2006-10-05 08:30:00,56,S
2006-10-05 08:45:00,59,S
2006-10-05 09:00:00,46,S
2006-10-05 09:15:00,66,S
2006-10-05 09:30:00,43,S
2006-10-05 09:45:00,60,S
2006-10-05 10:00:00,59,S
2006-10-05 10:15:00,53,S
2006-10-05 10:30:00,49,S
2006-10-05 10:45:00,44,S
2006-10-05 11:00:00,41,S
2006-10-05 11:15:00,45,S
2006-10-05 11:30:00,51,S
2006-10-05 11:45:00,57,S
2006-10-05 12:00:00,50,S
2006-10-05 12:15:00,76,S
2006-10-05 12:30:00,51,S
2006-10-05 12:45:00,59,S
2006-10-05 13:00:00,63,S
2006-10-05 13:15:00,60,S
2006-10-05 13:30:00,63,S
2006-10-05 13:45:00,58,S
2006-10-05 14:00:00,76,S
2006-10-05 14:15:00,54,S
2006-10-05 14:30:00,62,S
2006-10-05 14:45:00,74,S
2006-10-05 15:00:00,93,S
2006-10-05 15:15:00,72,S
2006-10-05 15:30:00,121,S
2006-10-05 15:45:00,158,S
2006-10-05 16:00:00,142,S
2006-10-05 16:15:00,178,S
2006-10-05 16:30:00,142,S
2006-10-05 16:45:00,188,S
2006-10-05 17:00:00,185,S
2006-10-05 17:15:00,169,S
2006-10-05 17:30:00,165,S
2006-10-05 17:45:00,208,S
2006-10-05 18:00:00,200,S
2006-10-05 18:15:00,210,S
2006-10-05 18:30:00,171,S
2006-10-05 18:45:00,156,S
2006-10-05 19:00:00,161,S
2006-10-05 19:15:00,129,S
2006-10-05 19:30:00,127,S
2006-10-05 19:45:00,81,S
2006-10-05 20:00:00,76,S
2006-10-05 20:15:00,76,S
2006-10-05 20:30:00,85,S
2006-10-05 20:45:00,76,S
2006-10-05 21:00:00,64,S
2006-10-05 21:15:00,60,S
2006-10-05 21:30:00,45,S
2006-10-05 21:45:00,63,S
2006-10-05 22:00:00,63,S
2006-10-05 22:15:00,43,S
2006-10-05 22:30:00,59,S
2006-10-05 22:45:00,53,S
2006-10-05 23:00:00,37,S
2006-10-05 23:15:00,37,S
2006-10-05 23:30:00,26,S
2006-10-05 23:45:00,26,S
2006-10-06 00:00:00,19,S
2006-10-06 00:15:00,19,S
2006-10-06 00:30:00,16,S
2006-10-06 00:45:00,12,S
2006-10-06 01:00:00,8,S
2006-10-06 01:15:00,7,S
2006-10-06 01:30:00,11,S
2006-10-06 01:45:00,14,S
2006-10-06 02:00:00,8,S
2006-10-06 02:15:00,5,S
2006-10-06 02:30:00,6,S
2006-10-06 02:45:00,2,S
2006-10-06 03:00:00,3,S
2006-10-06 03:15:00,8,S
2006-10-06 03:30:00,5,S
2006-10-06 03:45:00,4,S
2006-10-06 04:00:00,3,S
2006-10-06 04:15:00,3,S
2006-10-06 04:30:00,6,S
2006-10-06 04:45:00,3,S
2006-10-06 05:00:00,4,S
2006-10-06 05:15:00,4,S
2006-10-06 05:30:00,6,S
2006-10-06 05:45:00,4,S
2006-10-06 06:00:00,13,S
2006-10-06 06:15:00,14,S
2006-10-06 06:30:00,11,S
2006-10-06 06:45:00,33,S
2006-10-06 07:00:00,27,S
2006-10-06 07:15:00,40,S
2006-10-06 07:30:00,36,S
2006-10-06 07:45:00,39,S
2006-10-06 08:00:00,47,S
2006-10-06 08:15:00,54,S
2006-10-06 08:30:00,51,S
2006-10-06 08:45:00,50,S
2006-10-06 09:00:00,53,S
2006-10-06 09:15:00,42,S
2006-10-06 09:30:00,47,S
2006-10-06 09:45:00,65,S
2006-10-06 10:00:00,61,S
2006-10-06 10:15:00,40,S
2006-10-06 10:30:00,57,S
2006-10-06 10:45:00,59,S
2006-10-06 11:00:00,45,S
2006-10-06 11:15:00,64,S
2006-10-06 11:30:00,58,S
2006-10-06 11:45:00,58,S
2006-10-06 12:00:00,49,S
2006-10-06 12:15:00,87,S
2006-10-06 12:30:00,59,S
2006-10-06 12:45:00,61,S
2006-10-06 13:00:00,47,S
2006-10-06 13:15:00,64,S
2006-10-06 13:30:00,67,S
2006-10-06 13:45:00,64,S
2006-10-06 14:00:00,77,S
2006-10-06 14:15:00,81,S
2006-10-06 14:30:00,74,S
2006-10-06 14:45:00,85,S
2006-10-06 15:00:00,64,S
2006-10-06 15:15:00,99,S
2006-10-06 15:30:00,184,S
2006-10-06 15:45:00,160,S
2006-10-06 16:00:00,165,S
2006-10-06 16:15:00,161,S
2006-10-06 16:30:00,169,S
2006-10-06 16:45:00,175,S
2006-10-06 17:00:00,218,S
2006-10-06 17:15:00,203,S
2006-10-06 17:30:00,232,S
2006-10-06 17:45:00,245,S
2006-10-06 18:00:00,248,S
2006-10-06 18:15:00,224,S
2006-10-06 18:30:00,195,S
2006-10-06 18:45:00,138,S
2006-10-06 19:00:00,94,S
2006-10-06 19:15:00,95,S
2006-10-06 19:30:00,100,S
2006-10-06 19:45:00,94,S
2006-10-06 20:00:00,60,S
2006-10-06 20:15:00,59,S
2006-10-06 20:30:00,56,S
2006-10-06 20:45:00,60,S
2006-10-06 21:00:00,51,S
2006-10-06 21:15:00,40,S
2006-10-06 21:30:00,39,S
2006-10-06 21:45:00,41,S
2006-10-06 22:00:00,38,S
2006-10-06 22:15:00,40,S
2006-10-06 22:30:00,43,S
2006-10-06 22:45:00,51,S
2006-10-06 23:00:00,45,S
2006-10-06 23:15:00,54,S
2006-10-06 23:30:00,53,S
2006-10-06 23:45:00,51,S
2006-10-07 00:00:00,44,S
2006-10-07 00:15:00,32,S
2006-10-07 00:30:00,42,S
2006-10-07 00:45:00,35,S
2006-10-07 01:00:00,29,S
2006-10-07 01:15:00,26,S
2006-10-07 01:30:00,20,S
2006-10-07 01:45:00,18,S
2006-10-07 02:00:00,23,S
2006-10-07 02:15:00,12,S
2006-10-07 02:30:00,12,S
2006-10-07 02:45:00,16,S
2006-10-07 03:00:00,11,S
2006-10-07 03:15:00,10,S
2006-10-07 03:30:00,16,S
2006-10-07 03:45:00,12,S
2006-10-07 04:00:00,8,S
2006-10-07 04:15:00,8,S
2006-10-07 04:30:00,6,S
2006-10-07 04:45:00,4,S
2006-10-07 05:00:00,6,S
2006-10-07 05:15:00,6,S
2006-10-07 05:30:00,10,S
2006-10-07 05:45:00,6,S
2006-10-07 06:00:00,7,S
2006-10-07 06:15:00,11,S
2006-10-07 06:30:00,11,S
2006-10-07 06:45:00,13,S
2006-10-07 07:00:00,7,S
2006-10-07 07:15:00,16,S
2006-10-07 07:30:00,13,S
2006-10-07 07:45:00,20,S
2006-10-07 08:00:00,33,S
2006-10-07 08:15:00,22,S
2006-10-07 08:30:00,25,S
2006-10-07 08:45:00,37,S
2006-10-07 09:00:00,37,S
2006-10-07 09:15:00,40,S
2006-10-07 09:30:00,49,S
2006-10-07 09:45:00,42,S
2006-10-07 10:00:00,41,S
2006-10-07 10:15:00,47,S
2006-10-07 10:30:00,57,S
2006-10-07 10:45:00,41,S
2006-10-07 11:00:00,68,S
2006-10-07 11:15:00,48,S
2006-10-07 11:30:00,67,S
2006-10-07 11:45:00,71,S
2006-10-07 12:00:00,75,S
2006-10-07 12:15:00,60,S
2006-10-07 12:30:00,85,S
2006-10-07 12:45:00,83,S
2006-10-07 13:00:00,76,S
2006-10-07 13:15:00,70,S
2006-10-07 13:30:00,84,S
2006-10-07 13:45:00,68,S
2006-10-07 14:00:00,67,S
2006-10-07 14:15:00,64,S
2006-10-07 14:30:00,59,S
2006-10-07 14:45:00,64,S
2006-10-07 15:00:00,54,S
2006-10-07 15:15:00,59,S
2006-10-07 15:30:00,95,S
2006-10-07 15:45:00,61,S
2006-10-07 16:00:00,74,S
2006-10-07 16:15:00,59,S
2006-10-07 16:30:00,66,S
2006-10-07 16:45:00,84,S
2006-10-07 17:00:00,79,S
2006-10-07 17:15:00,91,S
2006-10-07 17:30:00,100,S
2006-10-07 17:45:00,83,S
2006-10-07 18:00:00,84,S
2006-10-07 18:15:00,78,S
2006-10-07 18:30:00,76,S
2006-10-07 18:45:00,76,S
2006-10-07 19:00:00,74,S
2006-10-07 19:15:00,57,S
2006-10-07 19:30:00,58,S
2006-10-07 19:45:00,42,S
2006-10-07 20:00:00,43,S
2006-10-07 20:15:00,43,S
2006-10-07 20:30:00,38,S
2006-10-07 20:45:00,41,S
2006-10-07 21:00:00,28,S
2006-10-07 21:15:00,26,S
2006-10-07 21:30:00,26,S
2006-10-07 21:45:00,36,S
2006-10-07 22:00:00,43,S
2006-10-07 22:15:00,34,S
2006-10-07 22:30:00,29,S
2006-10-07 22:45:00,39,S
2006-10-07 23:00:00,50,S
2006-10-07 23:15:00,39,S
2006-10-07 23:30:00,33,S
2006-10-07 23:45:00,42,S
2006-10-08 00:00:00,36,S
2006-10-08 00:15:00,51,S
2006-10-08 00:30:00,39,S
2006-10-08 00:45:00,32,S
2006-10-08 01:00:00,38,S
2006-10-08 01:15:00,27,S
2006-10-08 01:30:00,27,S
2006-10-08 01:45:00,15,S
2006-10-08 02:00:00,13,S
2006-10-08 02:15:00,16,S
2006-10-08 02:30:00,11,S
2006-10-08 02:45:00,12,S
2006-10-08 03:00:00,15,S
2006-10-08 03:15:00,10,S
2006-10-08 03:30:00,8,S
2006-10-08 03:45:00,9,S
2006-10-08 04:00:00,9,S
2006-10-08 04:15:00,9,S
2006-10-08 04:30:00,11,S
2006-10-08 04:45:00,6,S
2006-10-08 05:00:00,6,S
2006-10-08 05:15:00,2,S
2006-10-08 05:30:00,11,S
2006-10-08 05:45:00,7,S
2006-10-08 06:00:00,7,S
2006-10-08 06:15:00,7,S
2006-10-08 06:30:00,12,S
2006-10-08 06:45:00,5,S
2006-10-08 07:00:00,7,S
2006-10-08 07:15:00,6,S
2006-10-08 07:30:00,8,S
2006-10-08 07:45:00,10,S
2006-10-08 08:00:00,12,S
2006-10-08 08:15:00,12,S
2006-10-08 08:30:00,18,S
2006-10-08 08:45:00,14,S
2006-10-08 09:00:00,16,S
2006-10-08 09:15:00,18,S
2006-10-08 09:30:00,30,S
2006-10-08 09:45:00,25,S
2006-10-08 10:00:00,48,S
2006-10-08 10:15:00,46,S
2006-10-08 10:30:00,41,S
2006-10-08 10:45:00,43,S
2006-10-08 11:00:00,48,S
2006-10-08 11:15:00,52,S
2006-10-08 11:30:00,58,S
2006-10-08 11:45:00,58,S
2006-10-08 12:00:00,64,S
2006-10-08 12:15:00,63,S
2006-10-08 12:30:00,64,S
2006-10-08 12:45:00,79,S
2006-10-08 13:00:00,70,S
2006-10-08 13:15:00,78,S
2006-10-08 13:30:00,72,S
2006-10-08 13:45:00,73,S
2006-10-08 14:00:00,58,S
2006-10-08 14:15:00,73,S
2006-10-08 14:30:00,55,S
2006-10-08 14:45:00,53,S
2006-10-08 15:00:00,51,S
2006-10-08 15:15:00,69,S
2006-10-08 15:30:00,71,S
2006-10-08 15:45:00,79,S
2006-10-08 16:00:00,68,S
2006-10-08 16:15:00,85,S
2006-10-08 16:30:00,98,S
2006-10-08 16:45:00,80,S
2006-10-08 17:00:00,105,S
2006-10-08 17:15:00,87,S
2006-10-08 17:30:00,103,S
2006-10-08 17:45:00,91,S
2006-10-08 18:00:00,86,S
2006-10-08 18:15:00,77,S
2006-10-08 18:30:00,76,S
2006-10-08 18:45:00,75,S
2006-10-08 19:00:00,56,S
2006-10-08 19:15:00,41,S
2006-10-08 19:30:00,44,S
2006-10-08 19:45:00,50,S
2006-10-08 20:00:00,40,S
2006-10-08 20:15:00,40,S
2006-10-08 20:30:00,49,S
2006-10-08 20:45:00,38,S
2006-10-08 21:00:00,42,S
2006-10-08 21:15:00,26,S
2006-10-08 21:30:00,37,S
2006-10-08 21:45:00,42,S
2006-10-08 22:00:00,33,S
2006-10-08 22:15:00,22,S
2006-10-08 22:30:00,28,S
2006-10-08 22:45:00,34,S
2006-10-08 23:00:00,25,S
2006-10-08 23:15:00,20,S
2006-10-08 23:30:00,14,S
2006-10-08 23:45:00,14,S
2006-10-09 00:00:00,12,S
2006-10-09 00:15:00,19,S
2006-10-09 00:30:00,9,S
2006-10-09 00:45:00,13,S
2006-10-09 01:00:00,8,S
2006-10-09 01:15:00,0,S
2006-10-09 01:30:00,6,S
2006-10-09 01:45:00,3,S
2006-10-09 02:00:00,7,S
2006-10-09 02:15:00,7,S
2006-10-09 02:30:00,6,S
2006-10-09 02:45:00,4,S
2006-10-09 03:00:00,2,S
2006-10-09 03:15:00,0,S
2006-10-09 03:30:00,3,S
2006-10-09 03:45:00,2,S
2006-10-09 04:00:00,3,S
2006-10-09 04:15:00,1,S
2006-10-09 04:30:00,4,S
2006-10-09 04:45:00,6,S
2006-10-09 05:00:00,3,S
2006-10-09 05:15:00,5,S
2006-10-09 05:30:00,5,S
2006-10-09 05:45:00,6,S
2006-10-09 06:00:00,15,S
2006-10-09 06:15:00,19,S
2006-10-09 06:30:00,11,S
2006-10-09 06:45:00,17,S
2006-10-09 07:00:00,37,S
2006-10-09 07:15:00,35,S
2006-10-09 07:30:00,37,S
2006-10-09 07:45:00,42,S
2006-10-09 08:00:00,47,S
2006-10-09 08:15:00,65,S
2006-10-09 08:30:00,49,S
2006-10-09 08:45:00,51,S
2006-10-09 09:00:00,52,S
2006-10-09 09:15:00,36,S
2006-10-09 09:30:00,39,S
2006-10-09 09:45:00,62,S
2006-10-09 10:00:00,32,S
2006-10-09 10:15:00,31,S
2006-10-09 10:30:00,53,S
2006-10-09 10:45:00,47,S
2006-10-09 11:00:00,63,S
2006-10-09 11:15:00,62,S
2006-10-09 11:30:00,44,S
2006-10-09 11:45:00,49,S
2006-10-09 12:00:00,57,S
2006-10-09 12:15:00,71,S
2006-10-09 12:30:00,67,S
2006-10-09 12:45:00,55,S
2006-10-09 13:00:00,70,S
2006-10-09 13:15:00,62,S
2006-10-09 13:30:00,58,S
2006-10-09 13:45:00,50,S
2006-10-09 14:00:00,68,S
2006-10-09 14:15:00,62,S
2006-10-09 14:30:00,52,S
2006-10-09 14:45:00,63,S
2006-10-09 15:00:00,90,S
2006-10-09 15:15:00,71,S
2006-10-09 15:30:00,101,S
2006-10-09 15:45:00,96,S
2006-10-09 16:00:00,139,S
2006-10-09 16:15:00,168,S
2006-10-09 16:30:00,142,S
2006-10-09 16:45:00,85,S
2006-10-09 17:00:00,140,S
2006-10-09 17:15:00,144,S
2006-10-09 17:30:00,179,S
2006-10-09 17:45:00,188,S
2006-10-09 18:00:00,188,S
2006-10-09 18:15:00,221,S
2006-10-09 18:30:00,202,S
2006-10-09 18:45:00,187,S
2006-10-09 19:00:00,136,S
2006-10-09 19:15:00,116,S
2006-10-09 19:30:00,102,S
2006-10-09 19:45:00,75,S
2006-10-09 20:00:00,73,S
2006-10-09 20:15:00,55,S
2006-10-09 20:30:00,66,S
2006-10-09 20:45:00,50,S
2006-10-09 21:00:00,50,S
2006-10-09 21:15:00,45,S
2006-10-09 21:30:00,51,S
2006-10-09 21:45:00,34,S
2006-10-09 22:00:00,42,S
2006-10-09 22:15:00,41,S
2006-10-09 22:30:00,37,S
2006-10-09 22:45:00,39,S
2006-10-09 23:00:00,25,S
2006-10-09 23:15:00,19,S
2006-10-09 23:30:00,17,S
2006-10-09 23:45:00,10,S
2006-10-10 00:00:00,14,S
2006-10-10 00:15:00,8,S
2006-10-10 00:30:00,16,S
2006-10-10 00:45:00,6,S
2006-10-10 01:00:00,7,S
2006-10-10 01:15:00,9,S
2006-10-10 01:30:00,2,S
2006-10-10 01:45:00,3,S
2006-10-10 02:00:00,5,S
2006-10-10 02:15:00,2,S
2006-10-10 02:30:00,4,S
2006-10-10 02:45:00,4,S
2006-10-10 03:00:00,2,S
2006-10-10 03:15:00,1,S
2006-10-10 03:30:00,2,S
2006-10-10 03:45:00,2,S
2006-10-10 04:00:00,2,S
2006-10-10 04:15:00,0,S
2006-10-10 04:30:00,2,S
2006-10-10 04:45:00,4,S
2006-10-10 05:00:00,1,S
2006-10-10 05:15:00,4,S
2006-10-10 05:30:00,5,S
2006-10-10 05:45:00,9,S
2006-10-10 06:00:00,10,S
2006-10-10 06:15:00,23,S
2006-10-10 06:30:00,9,S
2006-10-10 06:45:00,26,S
2006-10-10 07:00:00,33,S
2006-10-10 07:15:00,44,S
2006-10-10 07:30:00,52,S
2006-10-10 07:45:00,43,S
2006-10-10 08:00:00,45,S
2006-10-10 08:15:00,44,S
2006-10-10 08:30:00,60,S
2006-10-10 08:45:00,59,S
2006-10-10 09:00:00,52,S
2006-10-10 09:15:00,54,S
2006-10-10 09:30:00,68,S
2006-10-10 09:45:00,59,S
2006-10-10 10:00:00,68,S
2006-10-10 10:15:00,45,S
2006-10-10 10:30:00,35,S
2006-10-10 10:45:00,37,S
2006-10-10 11:00:00,57,S
2006-10-10 11:15:00,54,S
2006-10-10 11:30:00,54,S
2006-10-10 11:45:00,65,S
2006-10-10 12:00:00,51,S
2006-10-10 12:15:00,47,S
2006-10-10 12:30:00,63,S
2006-10-10 12:45:00,58,S
2006-10-10 13:00:00,73,S
2006-10-10 13:15:00,54,S
2006-10-10 13:30:00,62,S
2006-10-10 13:45:00,47,S
2006-10-10 14:00:00,53,S
2006-10-10 14:15:00,69,S
2006-10-10 14:30:00,71,S
2006-10-10 14:45:00,78,S
2006-10-10 15:00:00,70,S
2006-10-10 15:15:00,90,S
2006-10-10 15:30:00,104,S
2006-10-10 15:45:00,95,S
2006-10-10 16:00:00,130,S
2006-10-10 16:15:00,164,S
2006-10-10 16:30:00,154,S
2006-10-10 16:45:00,145,S
2006-10-10 17:00:00,156,S
2006-10-10 17:15:00,148,S
2006-10-10 17:30:00,186,S
2006-10-10 17:45:00,233,S
2006-10-10 18:00:00,214,S
2006-10-10 18:15:00,234,S
2006-10-10 18:30:00,232,S
2006-10-10 18:45:00,237,S
2006-10-10 19:00:00,138,S
2006-10-10 19:15:00,135,S
2006-10-10 19:30:00,123,S
2006-10-10 19:45:00,77,S
2006-10-10 20:00:00,94,S
2006-10-10 20:15:00,80,S
2006-10-10 20:30:00,85,S
2006-10-10 20:45:00,68,S
2006-10-10 21:00:00,51,S
2006-10-10 21:15:00,43,S
2006-10-10 21:30:00,60,S
2006-10-10 21:45:00,57,S
2006-10-10 22:00:00,45,S
2006-10-10 22:15:00,51,S
2006-10-10 22:30:00,30,S
2006-10-10 22:45:00,35,S
2006-10-10 23:00:00,63,S
2006-10-10 23:15:00,32,S
2006-10-10 23:30:00,22,S
2006-10-10 23:45:00,27,S
2006-10-11 00:00:00,16,S
2006-10-11 00:15:00,26,S
2006-10-11 00:30:00,6,S
2006-10-11 00:45:00,12,S
2006-10-11 01:00:00,5,S
2006-10-11 01:15:00,6,S
2006-10-11 01:30:00,5,S
2006-10-11 01:45:00,8,S
2006-10-11 02:00:00,4,S
2006-10-11 02:15:00,6,S
2006-10-11 02:30:00,5,S
2006-10-11 02:45:00,2,S
2006-10-11 03:00:00,4,S
2006-10-11 03:15:00,0,S
2006-10-11 03:30:00,3,S
2006-10-11 03:45:00,4,S
2006-10-11 04:00:00,1,S
2006-10-11 04:15:00,0,S
2006-10-11 04:30:00,0,S
2006-10-11 04:45:00,3,S
2006-10-11 05:00:00,5,S
2006-10-11 05:15:00,5,S
2006-10-11 05:30:00,4,S
2006-10-11 05:45:00,6,S
2006-10-11 06:00:00,10,S
2006-10-11 06:15:00,10,S
2006-10-11 06:30:00,10,S
2006-10-11 06:45:00,20,S
2006-10-11 07:00:00,39,S
2006-10-11 07:15:00,41,S
2006-10-11 07:30:00,41,S
2006-10-11 07:45:00,36,S
2006-10-11 08:00:00,53,S
2006-10-11 08:15:00,57,S
2006-10-11 08:30:00,63,S
2006-10-11 08:45:00,48,S
2006-10-11 09:00:00,44,S
2006-10-11 09:15:00,65,S
2006-10-11 09:30:00,51,S
2006-10-11 09:45:00,46,S
2006-10-11 10:00:00,61,S
2006-10-11 10:15:00,45,S
2006-10-11 10:30:00,46,S
2006-10-11 10:45:00,45,S
2006-10-11 11:00:00,57,S
2006-10-11 11:15:00,43,S
2006-10-11 11:30:00,54,S
2006-10-11 11:45:00,56,S
2006-10-11 12:00:00,71,S
2006-10-11 12:15:00,51,S
2006-10-11 12:30:00,60,S
2006-10-11 12:45:00,60,S
2006-10-11 13:00:00,78,S
2006-10-11 13:15:00,60,S
2006-10-11 13:30:00,72,S
2006-10-11 13:45:00,57,S
2006-10-11 14:00:00,84,S
2006-10-11 14:15:00,67,S
2006-10-11 14:30:00,66,S
2006-10-11 14:45:00,62,S
2006-10-11 15:00:00,79,S
2006-10-11 15:15:00,91,S
2006-10-11 15:30:00,103,S
2006-10-11 15:45:00,161,S
2006-10-11 16:00:00,174,S
2006-10-11 16:15:00,194,S
2006-10-11 16:30:00,211,S
2006-10-11 16:45:00,147,S
2006-10-11 17:00:00,159,S
2006-10-11 17:15:00,135,S
2006-10-11 17:30:00,188,S
2006-10-11 17:45:00,211,S
2006-10-11 18:00:00,189,S
2006-10-11 18:15:00,189,S
2006-10-11 18:30:00,177,S
2006-10-11 18:45:00,170,S
2006-10-11 19:00:00,136,S
2006-10-11 19:15:00,111,S
2006-10-11 19:30:00,118,S
2006-10-11 19:45:00,99,S
2006-10-11 20:00:00,92,S
2006-10-11 20:15:00,52,S
2006-10-11 20:30:00,66,S
2006-10-11 20:45:00,53,S
2006-10-11 21:00:00,42,S
2006-10-11 21:15:00,54,S
2006-10-11 21:30:00,65,S
2006-10-11 21:45:00,67,S
2006-10-11 22:00:00,50,S
2006-10-11 22:15:00,48,S
2006-10-11 22:30:00,61,S
2006-10-11 22:45:00,41,S
2006-10-11 23:00:00,59,S
2006-10-11 23:15:00,52,S
2006-10-11 23:30:00,32,S
2006-10-11 23:45:00,30,S
2006-10-12 00:00:00,26,S
2006-10-12 00:15:00,20,S
2006-10-12 00:30:00,13,S
2006-10-12 00:45:00,10,S
2006-10-12 01:00:00,7,S
2006-10-12 01:15:00,6,S
2006-10-12 01:30:00,13,S
2006-10-12 01:45:00,4,S
2006-10-12 02:00:00,6,S
2006-10-12 02:15:00,6,S
2006-10-12 02:30:00,3,S
2006-10-12 02:45:00,4,S
2006-10-12 03:00:00,6,S
2006-10-12 03:15:00,3,S
2006-10-12 03:30:00,1,S
2006-10-12 03:45:00,1,S
2006-10-12 04:00:00,2,S
2006-10-12 04:15:00,5,S
2006-10-12 04:30:00,2,S
2006-10-12 04:45:00,4,S
2006-10-12 05:00:00,3,S
2006-10-12 05:15:00,3,S
2006-10-12 05:30:00,3,S
2006-10-12 05:45:00,6,S
2006-10-12 06:00:00,10,S
2006-10-12 06:15:00,14,S
2006-10-12 06:30:00,17,S
2006-10-12 06:45:00,24,S
2006-10-12 07:00:00,38,S
2006-10-12 07:15:00,46,S
2006-10-12 07:30:00,48,S
2006-10-12 07:45:00,37,S
2006-10-12 08:00:00,53,S
2006-10-12 08:15:00,49,S
2006-10-12 08:30:00,48,S
2006-10-12 08:45:00,54,S
2006-10-12 09:00:00,60,S
2006-10-12 09:15:00,51,S
2006-10-12 09:30:00,58,S
2006-10-12 09:45:00,59,S
2006-10-12 10:00:00,65,S
2006-10-12 10:15:00,47,S
2006-10-12 10:30:00,61,S
2006-10-12 10:45:00,54,S
2006-10-12 11:00:00,73,S
2006-10-12 11:15:00,51,S
2006-10-12 11:30:00,66,S
2006-10-12 11:45:00,65,S
2006-10-12 12:00:00,42,S
2006-10-12 12:15:00,68,S
2006-10-12 12:30:00,68,S
2006-10-12 12:45:00,58,S
2006-10-12 13:00:00,81,S
2006-10-12 13:15:00,62,S
2006-10-12 13:30:00,66,S
2006-10-12 13:45:00,72,S
2006-10-12 14:00:00,59,S
2006-10-12 14:15:00,70,S
2006-10-12 14:30:00,79,S
2006-10-12 14:45:00,73,S
2006-10-12 15:00:00,108,S
2006-10-12 15:15:00,114,S
2006-10-12 15:30:00,136,S
2006-10-12 15:45:00,128,S
2006-10-12 16:00:00,130,S
2006-10-12 16:15:00,106,S
2006-10-12 16:30:00,139,S
2006-10-12 16:45:00,133,S
2006-10-12 17:00:00,140,S
2006-10-12 17:15:00,179,S
2006-10-12 17:30:00,197,S
2006-10-12 17:45:00,183,S
2006-10-12 18:00:00,179,S
2006-10-12 18:15:00,196,S
2006-10-12 18:30:00,196,S
2006-10-12 18:45:00,121,S
2006-10-12 19:00:00,116,S
2006-10-12 19:15:00,108,S
2006-10-12 19:30:00,127,S
2006-10-12 19:45:00,86,S
2006-10-12 20:00:00,76,S
2006-10-12 20:15:00,63,S
2006-10-12 20:30:00,63,S
2006-10-12 20:45:00,77,S
2006-10-12 21:00:00,53,S
2006-10-12 21:15:00,61,S
2006-10-12 21:30:00,107,S
2006-10-12 21:45:00,105,S
2006-10-12 22:00:00,58,S
2006-10-12 22:15:00,50,S
2006-10-12 22:30:00,65,S
2006-10-12 22:45:00,54,S
2006-10-12 23:00:00,38,S
2006-10-12 23:15:00,40,S
2006-10-12 23:30:00,30,S
2006-10-12 23:45:00,24,S
2006-10-13 00:00:00,20,S
2006-10-13 00:15:00,17,S
2006-10-13 00:30:00,17,S
2006-10-13 00:45:00,11,S
2006-10-13 01:00:00,10,S
2006-10-13 01:15:00,8,S
2006-10-13 01:30:00,10,S
2006-10-13 01:45:00,3,S
2006-10-13 02:00:00,5,S
2006-10-13 02:15:00,12,S
2006-10-13 02:30:00,5,S
2006-10-13 02:45:00,4,S
2006-10-13 03:00:00,2,S
2006-10-13 03:15:00,1,S
2006-10-13 03:30:00,2,S
2006-10-13 03:45:00,3,S
2006-10-13 04:00:00,3,S
2006-10-13 04:15:00,2,S
2006-10-13 04:30:00,5,S
2006-10-13 04:45:00,2,S
2006-10-13 05:00:00,1,S
2006-10-13 05:15:00,6,S
2006-10-13 05:30:00,3,S
2006-10-13 05:45:00,6,S
2006-10-13 06:00:00,10,S
2006-10-13 06:15:00,12,S
2006-10-13 06:30:00,13,S
2006-10-13 06:45:00,33,S
2006-10-13 07:00:00,38,S
2006-10-13 07:15:00,34,S
2006-10-13 07:30:00,47,S
2006-10-13 07:45:00,44,S
2006-10-13 08:00:00,61,S
2006-10-13 08:15:00,45,S
2006-10-13 08:30:00,62,S
2006-10-13 08:45:00,59,S
2006-10-13 09:00:00,60,S
2006-10-13 09:15:00,50,S
2006-10-13 09:30:00,56,S
2006-10-13 09:45:00,72,S
2006-10-13 10:00:00,59,S
2006-10-13 10:15:00,45,S
2006-10-13 10:30:00,47,S
2006-10-13 10:45:00,68,S
2006-10-13 11:00:00,50,S
2006-10-13 11:15:00,46,S
2006-10-13 11:30:00,49,S
2006-10-13 11:45:00,58,S
2006-10-13 12:00:00,58,S
2006-10-13 12:15:00,65,S
2006-10-13 12:30:00,65,S
2006-10-13 12:45:00,64,S
2006-10-13 13:00:00,80,S
2006-10-13 13:15:00,68,S
2006-10-13 13:30:00,63,S
2006-10-13 13:45:00,69,S
2006-10-13 14:00:00,67,S
2006-10-13 14:15:00,99,S
2006-10-13 14:30:00,71,S
2006-10-13 14:45:00,97,S
2006-10-13 15:00:00,73,S
2006-10-13 15:15:00,91,S
2006-10-13 15:30:00,129,S
2006-10-13 15:45:00,174,S
2006-10-13 16:00:00,151,S
2006-10-13 16:15:00,174,S
2006-10-13 16:30:00,185,S
2006-10-13 16:45:00,198,S
2006-10-13 17:00:00,168,S
2006-10-13 17:15:00,185,S
2006-10-13 17:30:00,191,S
2006-10-13 17:45:00,211,S
2006-10-13 18:00:00,200,S
2006-10-13 18:15:00,218,S
2006-10-13 18:30:00,187,S
2006-10-13 18:45:00,156,S
2006-10-13 19:00:00,112,S
2006-10-13 19:15:00,113,S
2006-10-13 19:30:00,99,S
2006-10-13 19:45:00,92,S
2006-10-13 20:00:00,58,S
2006-10-13 20:15:00,51,S
2006-10-13 20:30:00,67,S
2006-10-13 20:45:00,64,S
2006-10-13 21:00:00,49,S
2006-10-13 21:15:00,48,S
2006-10-13 21:30:00,39,S
2006-10-13 21:45:00,53,S
2006-10-13 22:00:00,53,S
2006-10-13 22:15:00,37,S
2006-10-13 22:30:00,61,S
2006-10-13 22:45:00,53,S
2006-10-13 23:00:00,41,S
2006-10-13 23:15:00,47,S
2006-10-13 23:30:00,52,S
2006-10-13 23:45:00,42,S
2006-10-14 00:00:00,50,S
2006-10-14 00:15:00,35,S
2006-10-14 00:30:00,36,S
2006-10-14 00:45:00,41,S
2006-10-14 01:00:00,29,S
2006-10-14 01:15:00,23,S
2006-10-14 01:30:00,22,S
2006-10-14 01:45:00,21,S
2006-10-14 02:00:00,17,S
2006-10-14 02:15:00,17,S
2006-10-14 02:30:00,11,S
2006-10-14 02:45:00,14,S
2006-10-14 03:00:00,13,S
2006-10-14 03:15:00,9,S
2006-10-14 03:30:00,10,S
2006-10-14 03:45:00,9,S
2006-10-14 04:00:00,4,S
2006-10-14 04:15:00,7,S
2006-10-14 04:30:00,7,S
2006-10-14 04:45:00,7,S
2006-10-14 05:00:00,3,S
2006-10-14 05:15:00,4,S
2006-10-14 05:30:00,10,S
2006-10-14 05:45:00,11,S
2006-10-14 06:00:00,13,S
2006-10-14 06:15:00,17,S
2006-10-14 06:30:00,7,S
2006-10-14 06:45:00,10,S
2006-10-14 07:00:00,16,S
2006-10-14 07:15:00,17,S
2006-10-14 07:30:00,19,S
2006-10-14 07:45:00,10,S
2006-10-14 08:00:00,33,S
2006-10-14 08:15:00,29,S
2006-10-14 08:30:00,29,S
2006-10-14 08:45:00,32,S
2006-10-14 09:00:00,33,S
2006-10-14 09:15:00,42,S
2006-10-14 09:30:00,40,S
2006-10-14 09:45:00,49,S
2006-10-14 10:00:00,68,S
2006-10-14 10:15:00,47,S
2006-10-14 10:30:00,66,S
2006-10-14 10:45:00,66,S
2006-10-14 11:00:00,71,S
2006-10-14 11:15:00,82,S
2006-10-14 11:30:00,64,S
2006-10-14 11:45:00,73,S
2006-10-14 12:00:00,78,S
2006-10-14 12:15:00,83,S
2006-10-14 12:30:00,75,S
2006-10-14 12:45:00,69,S
2006-10-14 13:00:00,84,S
2006-10-14 13:15:00,85,S
2006-10-14 13:30:00,82,S
2006-10-14 13:45:00,60,S
2006-10-14 14:00:00,86,S
2006-10-14 14:15:00,64,S
2006-10-14 14:30:00,55,S
2006-10-14 14:45:00,69,S
2006-10-14 15:00:00,54,S
2006-10-14 15:15:00,82,S
2006-10-14 15:30:00,65,S
2006-10-14 15:45:00,86,S
2006-10-14 16:00:00,71,S
2006-10-14 16:15:00,72,S
2006-10-14 16:30:00,87,S
2006-10-14 16:45:00,80,S
2006-10-14 17:00:00,92,S
2006-10-14 17:15:00,73,S
2006-10-14 17:30:00,105,S
2006-10-14 17:45:00,77,S
2006-10-14 18:00:00,71,S
2006-10-14 18:15:00,92,S
2006-10-14 18:30:00,72,S
2006-10-14 18:45:00,64,S
2006-10-14 19:00:00,70,S
2006-10-14 19:15:00,40,S
2006-10-14 19:30:00,46,S
2006-10-14 19:45:00,51,S
2006-10-14 20:00:00,42,S
2006-10-14 20:15:00,39,S
2006-10-14 20:30:00,41,S
2006-10-14 20:45:00,32,S
2006-10-14 21:00:00,32,S
2006-10-14 21:15:00,41,S
2006-10-14 21:30:00,23,S
2006-10-14 21:45:00,32,S
2006-10-14 22:00:00,38,S
2006-10-14 22:15:00,47,S
2006-10-14 22:30:00,45,S
2006-10-14 22:45:00,51,S
2006-10-14 23:00:00,38,S
2006-10-14 23:15:00,35,S
2006-10-14 23:30:00,66,S
2006-10-14 23:45:00,47,S
2006-10-15 00:00:00,51,S
2006-10-15 00:15:00,38,S
2006-10-15 00:30:00,46,S
2006-10-15 00:45:00,37,S
2006-10-15 01:00:00,33,S
2006-10-15 01:15:00,32,S
2006-10-15 01:30:00,22,S
2006-10-15 01:45:00,20,S
2006-10-15 02:00:00,16,S
2006-10-15 02:15:00,26,S
2006-10-15 02:30:00,23,S
2006-10-15 02:45:00,23,S
2006-10-15 03:00:00,19,S
2006-10-15 03:15:00,19,S
2006-10-15 03:30:00,18,S
2006-10-15 03:45:00,8,S
2006-10-15 04:00:00,16,S
2006-10-15 04:15:00,13,S
2006-10-15 04:30:00,15,S
2006-10-15 04:45:00,7,S
2006-10-15 05:00:00,9,S
2006-10-15 05:15:00,12,S
2006-10-15 05:30:00,14,S
2006-10-15 05:45:00,10,S
2006-10-15 06:00:00,9,S
2006-10-15 06:15:00,7,S
2006-10-15 06:30:00,7,S
2006-10-15 06:45:00,15,S
2006-10-15 07:00:00,9,S
2006-10-15 07:15:00,10,S
2006-10-15 07:30:00,13,S
2006-10-15 07:45:00,13,S
2006-10-15 08:00:00,6,S
2006-10-15 08:15:00,19,S
2006-10-15 08:30:00,12,S
2006-10-15 08:45:00,27,S
2006-10-15 09:00:00,28,S
2006-10-15 09:15:00,18,S
2006-10-15 09:30:00,32,S
2006-10-15 09:45:00,34,S
2006-10-15 10:00:00,37,S
2006-10-15 10:15:00,32,S
2006-10-15 10:30:00,50,S
2006-10-15 10:45:00,38,S
2006-10-15 11:00:00,44,S
2006-10-15 11:15:00,56,S
2006-10-15 11:30:00,59,S
2006-10-15 11:45:00,61,S
2006-10-15 12:00:00,52,S
2006-10-15 12:15:00,67,S
2006-10-15 12:30:00,81,S
2006-10-15 12:45:00,59,S
2006-10-15 13:00:00,57,S
2006-10-15 13:15:00,74,S
2006-10-15 13:30:00,56,S
2006-10-15 13:45:00,78,S
2006-10-15 14:00:00,57,S
2006-10-15 14:15:00,59,S
2006-10-15 14:30:00,55,S
2006-10-15 14:45:00,64,S
2006-10-15 15:00:00,61,S
2006-10-15 15:15:00,88,S
2006-10-15 15:30:00,50,S
2006-10-15 15:45:00,82,S
2006-10-15 16:00:00,83,S
2006-10-15 16:15:00,85,S
2006-10-15 16:30:00,89,S
2006-10-15 16:45:00,84,S
2006-10-15 17:00:00,90,S
2006-10-15 17:15:00,98,S
2006-10-15 17:30:00,94,S
2006-10-15 17:45:00,78,S
2006-10-15 18:00:00,70,S
2006-10-15 18:15:00,90,S
2006-10-15 18:30:00,89,S
2006-10-15 18:45:00,83,S
2006-10-15 19:00:00,60,S
2006-10-15 19:15:00,66,S
2006-10-15 19:30:00,70,S
2006-10-15 19:45:00,76,S
2006-10-15 20:00:00,63,S
2006-10-15 20:15:00,71,S
2006-10-15 20:30:00,37,S
2006-10-15 20:45:00,30,S
2006-10-15 21:00:00,39,S
2006-10-15 21:15:00,40,S
2006-10-15 21:30:00,46,S
2006-10-15 21:45:00,36,S
2006-10-15 22:00:00,25,S
2006-10-15 22:15:00,41,S
2006-10-15 22:30:00,30,S
2006-10-15 22:45:00,30,S
2006-10-15 23:00:00,21,S
2006-10-15 23:15:00,27,S
2006-10-15 23:30:00,15,S
2006-10-15 23:45:00,16,S
2006-10-16 00:00:00,30,S
2006-10-16 00:15:00,14,S
2006-10-16 00:30:00,15,S
2006-10-16 00:45:00,7,S
2006-10-16 01:00:00,7,S
2006-10-16 01:15:00,6,S
2006-10-16 01:30:00,5,S
2006-10-16 01:45:00,8,S
2006-10-16 02:00:00,5,S
2006-10-16 02:15:00,8,S
2006-10-16 02:30:00,4,S
2006-10-16 02:45:00,3,S
2006-10-16 03:00:00,3,S
2006-10-16 03:15:00,1,S
2006-10-16 03:30:00,0,S
2006-10-16 03:45:00,1,S
2006-10-16 04:00:00,1,S
2006-10-16 04:15:00,0,S
2006-10-16 04:30:00,5,S
2006-10-16 04:45:00,4,S
2006-10-16 05:00:00,2,S
2006-10-16 05:15:00,3,S
2006-10-16 05:30:00,5,S
2006-10-16 05:45:00,10,S
2006-10-16 06:00:00,12,S
2006-10-16 06:15:00,10,S
2006-10-16 06:30:00,16,S
2006-10-16 06:45:00,26,S
2006-10-16 07:00:00,34,S
2006-10-16 07:15:00,40,S
2006-10-16 07:30:00,46,S
2006-10-16 07:45:00,45,S
2006-10-16 08:00:00,44,S
2006-10-16 08:15:00,67,S
2006-10-16 08:30:00,83,S
2006-10-16 08:45:00,56,S
2006-10-16 09:00:00,51,S
2006-10-16 09:15:00,51,S
2006-10-16 09:30:00,44,S
2006-10-16 09:45:00,52,S
2006-10-16 10:00:00,49,S
2006-10-16 10:15:00,56,S
2006-10-16 10:30:00,48,S
2006-10-16 10:45:00,45,S
2006-10-16 11:00:00,50,S
2006-10-16 11:15:00,46,S
2006-10-16 11:30:00,56,S
2006-10-16 11:45:00,52,S
2006-10-16 12:00:00,57,S
2006-10-16 12:15:00,54,S
2006-10-16 12:30:00,46,S
2006-10-16 12:45:00,63,S
2006-10-16 13:00:00,48,S
2006-10-16 13:15:00,50,S
2006-10-16 13:30:00,60,S
2006-10-16 13:45:00,55,S
2006-10-16 14:00:00,51,S
2006-10-16 14:15:00,67,S
2006-10-16 14:30:00,62,S
2006-10-16 14:45:00,81,S
2006-10-16 15:00:00,64,S
2006-10-16 15:15:00,95,S
2006-10-16 15:30:00,119,S
2006-10-16 15:45:00,108,S
2006-10-16 16:00:00,159,S
2006-10-16 16:15:00,168,S
2006-10-16 16:30:00,177,S
2006-10-16 16:45:00,175,S
2006-10-16 17:00:00,185,S
2006-10-16 17:15:00,148,S
2006-10-16 17:30:00,182,S
2006-10-16 17:45:00,186,S
2006-10-16 18:00:00,200,S
2006-10-16 18:15:00,215,S
2006-10-16 18:30:00,161,S
2006-10-16 18:45:00,152,S
2006-10-16 19:00:00,125,S
2006-10-16 19:15:00,121,S
2006-10-16 19:30:00,104,S
2006-10-16 19:45:00,77,S
2006-10-16 20:00:00,56,S
2006-10-16 20:15:00,54,S
2006-10-16 20:30:00,61,S
2006-10-16 20:45:00,53,S
2006-10-16 21:00:00,44,S
2006-10-16 21:15:00,41,S
2006-10-16 21:30:00,44,S
2006-10-16 21:45:00,34,S
2006-10-16 22:00:00,35,S
2006-10-16 22:15:00,44,S
2006-10-16 22:30:00,22,S
2006-10-16 22:45:00,35,S
2006-10-16 23:00:00,53,S
2006-10-16 23:15:00,10,S
2006-10-16 23:30:00,24,S
2006-10-16 23:45:00,22,S
2006-10-17 00:00:00,16,S
2006-10-17 00:15:00,21,S
2006-10-17 00:30:00,14,S
2006-10-17 00:45:00,16,S
2006-10-17 01:00:00,11,S
2006-10-17 01:15:00,5,S
2006-10-17 01:30:00,4,S
2006-10-17 01:45:00,5,S
2006-10-17 02:00:00,6,S
2006-10-17 02:15:00,1,S
2006-10-17 02:30:00,3,S
2006-10-17 02:45:00,4,S
2006-10-17 03:00:00,2,S
2006-10-17 03:15:00,1,S
2006-10-17 03:30:00,1,S
2006-10-17 03:45:00,1,S
2006-10-17 04:00:00,3,S
2006-10-17 04:15:00,2,S
2006-10-17 04:30:00,1,S
2006-10-17 04:45:00,2,S
2006-10-17 05:00:00,6,S
2006-10-17 05:15:00,2,S
2006-10-17 05:30:00,3,S
2006-10-17 05:45:00,12,S
2006-10-17 06:00:00,12,S
2006-10-17 06:15:00,11,S
2006-10-17 06:30:00,8,S
2006-10-17 06:45:00,22,S
2006-10-17 07:00:00,31,S
2006-10-17 07:15:00,36,S
2006-10-17 07:30:00,45,S
2006-10-17 07:45:00,32,S
2006-10-17 08:00:00,55,S
2006-10-17 08:15:00,37,S
2006-10-17 08:30:00,54,S
2006-10-17 08:45:00,48,S
2006-10-17 09:00:00,53,S
2006-10-17 09:15:00,54,S
2006-10-17 09:30:00,55,S
2006-10-17 09:45:00,50,S
2006-10-17 10:00:00,72,S
2006-10-17 10:15:00,41,S
2006-10-17 10:30:00,41,S
2006-10-17 10:45:00,70,S
2006-10-17 11:00:00,58,S
2006-10-17 11:15:00,48,S
2006-10-17 11:30:00,57,S
2006-10-17 11:45:00,51,S
2006-10-17 12:00:00,58,S
2006-10-17 12:15:00,67,S
2006-10-17 12:30:00,55,S
2006-10-17 12:45:00,41,S
2006-10-17 13:00:00,64,S
2006-10-17 13:15:00,45,S
2006-10-17 13:30:00,47,S
2006-10-17 13:45:00,66,S
2006-10-17 14:00:00,48,S
2006-10-17 14:15:00,63,S
2006-10-17 14:30:00,74,S
2006-10-17 14:45:00,76,S
2006-10-17 15:00:00,92,S
2006-10-17 15:15:00,82,S
2006-10-17 15:30:00,88,S
2006-10-17 15:45:00,145,S
2006-10-17 16:00:00,148,S
2006-10-17 16:15:00,162,S
2006-10-17 16:30:00,191,S
2006-10-17 16:45:00,197,S
2006-10-17 17:00:00,167,S
2006-10-17 17:15:00,196,S
2006-10-17 17:30:00,207,S
2006-10-17 17:45:00,250,S
2006-10-17 18:00:00,241,S
2006-10-17 18:15:00,253,S
2006-10-17 18:30:00,207,S
2006-10-17 18:45:00,171,S
2006-10-17 19:00:00,150,S
2006-10-17 19:15:00,129,S
2006-10-17 19:30:00,100,S
2006-10-17 19:45:00,85,S
2006-10-17 20:00:00,82,S
2006-10-17 20:15:00,62,S
2006-10-17 20:30:00,54,S
2006-10-17 20:45:00,47,S
2006-10-17 21:00:00,69,S
2006-10-17 21:15:00,59,S
2006-10-17 21:30:00,67,S
2006-10-17 21:45:00,54,S
2006-10-17 22:00:00,44,S
2006-10-17 22:15:00,35,S
2006-10-17 22:30:00,34,S
2006-10-17 22:45:00,40,S
2006-10-17 23:00:00,45,S
2006-10-17 23:15:00,31,S
2006-10-17 23:30:00,33,S
2006-10-17 23:45:00,31,S
2006-10-18 00:00:00,33,S
2006-10-18 00:15:00,22,S
2006-10-18 00:30:00,24,S
2006-10-18 00:45:00,11,S
2006-10-18 01:00:00,6,S
2006-10-18 01:15:00,13,S
2006-10-18 01:30:00,3,S
2006-10-18 01:45:00,1,S
2006-10-18 02:00:00,7,S
2006-10-18 02:15:00,6,S
2006-10-18 02:30:00,3,S
2006-10-18 02:45:00,2,S
2006-10-18 03:00:00,0,S
2006-10-18 03:15:00,3,S
2006-10-18 03:30:00,2,S
2006-10-18 03:45:00,2,S
2006-10-18 04:00:00,4,S
2006-10-18 04:15:00,3,S
2006-10-18 04:30:00,1,S
2006-10-18 04:45:00,1,S
2006-10-18 05:00:00,2,S
2006-10-18 05:15:00,3,S
2006-10-18 05:30:00,7,S
2006-10-18 05:45:00,9,S
2006-10-18 06:00:00,8,S
2006-10-18 06:15:00,13,S
2006-10-18 06:30:00,12,S
2006-10-18 06:45:00,24,S
2006-10-18 07:00:00,30,S
2006-10-18 07:15:00,45,S
2006-10-18 07:30:00,38,S
2006-10-18 07:45:00,36,S
2006-10-18 08:00:00,47,S
2006-10-18 08:15:00,57,S
2006-10-18 08:30:00,64,S
2006-10-18 08:45:00,59,S
2006-10-18 09:00:00,54,S
2006-10-18 09:15:00,50,S
2006-10-18 09:30:00,61,S
2006-10-18 09:45:00,44,S
2006-10-18 10:00:00,59,S
2006-10-18 10:15:00,44,S
2006-10-18 10:30:00,35,S
2006-10-18 10:45:00,37,S
2006-10-18 11:00:00,49,S
2006-10-18 11:15:00,48,S
2006-10-18 11:30:00,66,S
2006-10-18 11:45:00,58,S
2006-10-18 12:00:00,62,S
2006-10-18 12:15:00,59,S
2006-10-18 12:30:00,72,S
2006-10-18 12:45:00,53,S
2006-10-18 13:00:00,69,S
2006-10-18 13:15:00,65,S
2006-10-18 13:30:00,69,S
2006-10-18 13:45:00,72,S
2006-10-18 14:00:00,57,S
2006-10-18 14:15:00,66,S
2006-10-18 14:30:00,67,S
2006-10-18 14:45:00,78,S
2006-10-18 15:00:00,82,S
2006-10-18 15:15:00,95,S
2006-10-18 15:30:00,129,S
2006-10-18 15:45:00,139,S
2006-10-18 16:00:00,159,S
2006-10-18 16:15:00,178,S
2006-10-18 16:30:00,177,S
2006-10-18 16:45:00,175,S
2006-10-18 17:00:00,185,S
2006-10-18 17:15:00,161,S
2006-10-18 17:30:00,188,S
2006-10-18 17:45:00,192,S
2006-10-18 18:00:00,200,S
2006-10-18 18:15:00,195,S
2006-10-18 18:30:00,175,S
2006-10-18 18:45:00,171,S
2006-10-18 19:00:00,150,S
2006-10-18 19:15:00,115,S
2006-10-18 19:30:00,113,S
2006-10-18 19:45:00,106,S
2006-10-18 20:00:00,79,S
2006-10-18 20:15:00,77,S
2006-10-18 20:30:00,80,S
2006-10-18 20:45:00,68,S
2006-10-18 21:00:00,64,S
2006-10-18 21:15:00,56,S
2006-10-18 21:30:00,47,S
2006-10-18 21:45:00,49,S
2006-10-18 22:00:00,52,S
2006-10-18 22:15:00,50,S
2006-10-18 22:30:00,47,S
2006-10-18 22:45:00,33,S
2006-10-18 23:00:00,47,S
2006-10-18 23:15:00,41,S
2006-10-18 23:30:00,45,S
2006-10-18 23:45:00,32,S
2006-10-19 00:00:00,29,S
2006-10-19 00:15:00,23,S
2006-10-19 00:30:00,15,S
2006-10-19 00:45:00,15,S
2006-10-19 01:00:00,3,S
2006-10-19 01:15:00,8,S
2006-10-19 01:30:00,6,S
2006-10-19 01:45:00,2,S
2006-10-19 02:00:00,12,S
2006-10-19 02:15:00,4,S
2006-10-19 02:30:00,6,S
2006-10-19 02:45:00,1,S
2006-10-19 03:00:00,6,S
2006-10-19 03:15:00,2,S
2006-10-19 03:30:00,3,S
2006-10-19 03:45:00,2,S
2006-10-19 04:00:00,3,S
2006-10-19 04:15:00,6,S
2006-10-19 04:30:00,3,S
2006-10-19 04:45:00,1,S
2006-10-19 05:00:00,3,S
2006-10-19 05:15:00,6,S
2006-10-19 05:30:00,8,S
2006-10-19 05:45:00,3,S
2006-10-19 06:00:00,13,S
2006-10-19 06:15:00,23,S
2006-10-19 06:30:00,10,S
2006-10-19 06:45:00,32,S
2006-10-19 07:00:00,27,S
2006-10-19 07:15:00,38,S
2006-10-19 07:30:00,55,S
2006-10-19 07:45:00,47,S
2006-10-19 08:00:00,49,S
2006-10-19 08:15:00,71,S
2006-10-19 08:30:00,38,S
2006-10-19 08:45:00,71,S
2006-10-19 09:00:00,51,S
2006-10-19 09:15:00,54,S
2006-10-19 09:30:00,58,S
2006-10-19 09:45:00,62,S
2006-10-19 10:00:00,52,S
2006-10-19 10:15:00,40,S
2006-10-19 10:30:00,49,S
2006-10-19 10:45:00,60,S
2006-10-19 11:00:00,48,S
2006-10-19 11:15:00,49,S
2006-10-19 11:30:00,52,S
2006-10-19 11:45:00,62,S
2006-10-19 12:00:00,47,S
2006-10-19 12:15:00,69,S
2006-10-19 12:30:00,63,S
2006-10-19 12:45:00,57,S
2006-10-19 13:00:00,71,S
2006-10-19 13:15:00,59,S
2006-10-19 13:30:00,65,S
2006-10-19 13:45:00,54,S
2006-10-19 14:00:00,65,S
2006-10-19 14:15:00,60,S
2006-10-19 14:30:00,69,S
2006-10-19 14:45:00,70,S
2006-10-19 15:00:00,104,S
2006-10-19 15:15:00,91,S
2006-10-19 15:30:00,129,S
2006-10-19 15:45:00,157,S
2006-10-19 16:00:00,162,S
2006-10-19 16:15:00,153,S
2006-10-19 16:30:00,181,S
2006-10-19 16:45:00,175,S
2006-10-19 17:00:00,180,S
2006-10-19 17:15:00,161,S
2006-10-19 17:30:00,185,S
2006-10-19 17:45:00,193,S
2006-10-19 18:00:00,200,S
2006-10-19 18:15:00,180,S
2006-10-19 18:30:00,162,S
2006-10-19 18:45:00,178,S
2006-10-19 19:00:00,108,S
2006-10-19 19:15:00,104,S
2006-10-19 19:30:00,93,S
2006-10-19 19:45:00,102,S
2006-10-19 20:00:00,94,S
2006-10-19 20:15:00,82,S
2006-10-19 20:30:00,67,S
2006-10-19 20:45:00,70,S
2006-10-19 21:00:00,71,S
2006-10-19 21:15:00,69,S
2006-10-19 21:30:00,61,S
2006-10-19 21:45:00,75,S
2006-10-19 22:00:00,56,S
2006-10-19 22:15:00,67,S
2006-10-19 22:30:00,54,S
2006-10-19 22:45:00,48,S
2006-10-19 23:00:00,47,S
2006-10-19 23:15:00,31,S
2006-10-19 23:30:00,43,S
2006-10-19 23:45:00,38,S
2006-10-20 00:00:00,37,S
2006-10-20 00:15:00,20,S
2006-10-20 00:30:00,24,S
2006-10-20 00:45:00,18,S
2006-10-20 01:00:00,14,S
2006-10-20 01:15:00,9,S
2006-10-20 01:30:00,6,S
2006-10-20 01:45:00,9,S
2006-10-20 02:00:00,8,S
2006-10-20 02:15:00,8,S
2006-10-20 02:30:00,7,S
2006-10-20 02:45:00,6,S
2006-10-20 03:00:00,0,S
2006-10-20 03:15:00,6,S
2006-10-20 03:30:00,5,S
2006-10-20 03:45:00,2,S
2006-10-20 04:00:00,6,S
2006-10-20 04:15:00,4,S
2006-10-20 04:30:00,5,S
2006-10-20 04:45:00,3,S
2006-10-20 05:00:00,3,S
2006-10-20 05:15:00,4,S
2006-10-20 05:30:00,3,S
2006-10-20 05:45:00,6,S
2006-10-20 06:00:00,17,S
2006-10-20 06:15:00,15,S
2006-10-20 06:30:00,9,S
2006-10-20 06:45:00,35,S
2006-10-20 07:00:00,34,S
2006-10-20 07:15:00,35,S
2006-10-20 07:30:00,49,S
2006-10-20 07:45:00,37,S
2006-10-20 08:00:00,53,S
2006-10-20 08:15:00,45,S
2006-10-20 08:30:00,67,S
2006-10-20 08:45:00,55,S
2006-10-20 09:00:00,60,S
2006-10-20 09:15:00,42,S
2006-10-20 09:30:00,51,S
2006-10-20 09:45:00,60,S
2006-10-20 10:00:00,40,S
2006-10-20 10:15:00,57,S
2006-10-20 10:30:00,42,S
2006-10-20 10:45:00,65,S
2006-10-20 11:00:00,49,S
2006-10-20 11:15:00,58,S
2006-10-20 11:30:00,54,S
2006-10-20 11:45:00,54,S
2006-10-20 12:00:00,80,S
2006-10-20 12:15:00,81,S
2006-10-20 12:30:00,66,S
2006-10-20 12:45:00,60,S
2006-10-20 13:00:00,67,S
2006-10-20 13:15:00,59,S
2006-10-20 13:30:00,60,S
2006-10-20 13:45:00,77,S
2006-10-20 14:00:00,64,S
2006-10-20 14:15:00,69,S
2006-10-20 14:30:00,100,S
2006-10-20 14:45:00,78,S
2006-10-20 15:00:00,89,S
2006-10-20 15:15:00,91,S
2006-10-20 15:30:00,129,S
2006-10-20 15:45:00,150,S
2006-10-20 16:00:00,199,S
2006-10-20 16:15:00,140,S
2006-10-20 16:30:00,177,S
2006-10-20 16:45:00,177,S
2006-10-20 17:00:00,185,S
2006-10-20 17:15:00,150,S
2006-10-20 17:30:00,218,S
2006-10-20 17:45:00,220,S
2006-10-20 18:00:00,200,S
2006-10-20 18:15:00,218,S
2006-10-20 18:30:00,195,S
2006-10-20 18:45:00,152,S
2006-10-20 19:00:00,114,S
2006-10-20 19:15:00,87,S
2006-10-20 19:30:00,81,S
2006-10-20 19:45:00,76,S
2006-10-20 20:00:00,63,S
2006-10-20 20:15:00,59,S
2006-10-20 20:30:00,57,S
2006-10-20 20:45:00,64,S
2006-10-20 21:00:00,54,S
2006-10-20 21:15:00,42,S
2006-10-20 21:30:00,37,S
2006-10-20 21:45:00,48,S
2006-10-20 22:00:00,50,S
2006-10-20 22:15:00,20,S
2006-10-20 22:30:00,40,S
2006-10-20 22:45:00,44,S
2006-10-20 23:00:00,51,S
2006-10-20 23:15:00,62,S
2006-10-20 23:30:00,36,S
2006-10-20 23:45:00,44,S
2006-10-21 00:00:00,33,S
2006-10-21 00:15:00,44,S
2006-10-21 00:30:00,40,S
2006-10-21 00:45:00,29,S
2006-10-21 01:00:00,21,S
2006-10-21 01:15:00,27,S
2006-10-21 01:30:00,6,S
2006-10-21 01:45:00,13,S
2006-10-21 02:00:00,20,S
2006-10-21 02:15:00,19,S
2006-10-21 02:30:00,15,S
2006-10-21 02:45:00,15,S
2006-10-21 03:00:00,11,S
2006-10-21 03:15:00,10,S
2006-10-21 03:30:00,11,S
2006-10-21 03:45:00,14,S
2006-10-21 04:00:00,5,S
2006-10-21 04:15:00,2,S
2006-10-21 04:30:00,10,S
2006-10-21 04:45:00,8,S
2006-10-21 05:00:00,7,S
2006-10-21 05:15:00,7,S
2006-10-21 05:30:00,6,S
2006-10-21 05:45:00,9,S
2006-10-21 06:00:00,10,S
2006-10-21 06:15:00,11,S
2006-10-21 06:30:00,7,S
2006-10-21 06:45:00,11,S
2006-10-21 07:00:00,20,S
2006-10-21 07:15:00,16,S
2006-10-21 07:30:00,19,S
2006-10-21 07:45:00,31,S
2006-10-21 08:00:00,31,S
2006-10-21 08:15:00,30,S
2006-10-21 08:30:00,28,S
2006-10-21 08:45:00,37,S
2006-10-21 09:00:00,43,S
2006-10-21 09:15:00,55,S
2006-10-21 09:30:00,43,S
2006-10-21 09:45:00,58,S
2006-10-21 10:00:00,59,S
2006-10-21 10:15:00,60,S
2006-10-21 10:30:00,71,S
2006-10-21 10:45:00,66,S
2006-10-21 11:00:00,76,S
2006-10-21 11:15:00,78,S
2006-10-21 11:30:00,73,S
2006-10-21 11:45:00,71,S
2006-10-21 12:00:00,82,S
2006-10-21 12:15:00,73,S
2006-10-21 12:30:00,81,S
2006-10-21 12:45:00,85,S
2006-10-21 13:00:00,73,S
2006-10-21 13:15:00,77,S
2006-10-21 13:30:00,62,S
2006-10-21 13:45:00,65,S
2006-10-21 14:00:00,65,S
2006-10-21 14:15:00,57,S
2006-10-21 14:30:00,68,S
2006-10-21 14:45:00,65,S
2006-10-21 15:00:00,61,S
2006-10-21 15:15:00,61,S
2006-10-21 15:30:00,66,S
2006-10-21 15:45:00,61,S
2006-10-21 16:00:00,64,S
2006-10-21 16:15:00,76,S
2006-10-21 16:30:00,83,S
2006-10-21 16:45:00,66,S
2006-10-21 17:00:00,86,S
2006-10-21 17:15:00,63,S
2006-10-21 17:30:00,90,S
2006-10-21 17:45:00,72,S
2006-10-21 18:00:00,53,S
2006-10-21 18:15:00,61,S
2006-10-21 18:30:00,82,S
2006-10-21 18:45:00,49,S
2006-10-21 19:00:00,54,S
2006-10-21 19:15:00,66,S
2006-10-21 19:30:00,65,S
2006-10-21 19:45:00,57,S
2006-10-21 20:00:00,56,S
2006-10-21 20:15:00,37,S
2006-10-21 20:30:00,29,S
2006-10-21 20:45:00,37,S
2006-10-21 21:00:00,34,S
2006-10-21 21:15:00,33,S
2006-10-21 21:30:00,29,S
2006-10-21 21:45:00,33,S
2006-10-21 22:00:00,32,S
2006-10-21 22:15:00,35,S
2006-10-21 22:30:00,28,S
2006-10-21 22:45:00,22,S
2006-10-21 23:00:00,29,S
2006-10-21 23:15:00,31,S
2006-10-21 23:30:00,59,S
2006-10-21 23:45:00,46,S
2006-10-22 00:00:00,49,S
2006-10-22 00:15:00,44,S
2006-10-22 00:30:00,51,S
2006-10-22 00:45:00,44,S
2006-10-22 01:00:00,28,S
2006-10-22 01:15:00,40,S
2006-10-22 01:30:00,29,S
2006-10-22 01:45:00,30,S
2006-10-22 02:00:00,16,S
2006-10-22 02:15:00,17,S
2006-10-22 02:30:00,12,S
2006-10-22 02:45:00,14,S
2006-10-22 03:00:00,14,S
2006-10-22 03:15:00,17,S
2006-10-22 03:30:00,14,S
2006-10-22 03:45:00,18,S
2006-10-22 04:00:00,11,S
2006-10-22 04:15:00,13,S
2006-10-22 04:30:00,8,S
2006-10-22 04:45:00,7,S
2006-10-22 05:00:00,15,S
2006-10-22 05:15:00,8,S
2006-10-22 05:30:00,11,S
2006-10-22 05:45:00,7,S
2006-10-22 06:00:00,3,S
2006-10-22 06:15:00,9,S
2006-10-22 06:30:00,8,S
2006-10-22 06:45:00,9,S
2006-10-22 07:00:00,15,S
2006-10-22 07:15:00,16,S
2006-10-22 07:30:00,7,S
2006-10-22 07:45:00,9,S
2006-10-22 08:00:00,19,S
2006-10-22 08:15:00,18,S
2006-10-22 08:30:00,15,S
2006-10-22 08:45:00,17,S
2006-10-22 09:00:00,24,S
2006-10-22 09:15:00,20,S
2006-10-22 09:30:00,22,S
2006-10-22 09:45:00,40,S
2006-10-22 10:00:00,39,S
2006-10-22 10:15:00,31,S
2006-10-22 10:30:00,40,S
2006-10-22 10:45:00,44,S
2006-10-22 11:00:00,39,S
2006-10-22 11:15:00,45,S
2006-10-22 11:30:00,65,S
2006-10-22 11:45:00,55,S
2006-10-22 12:00:00,62,S
2006-10-22 12:15:00,57,S
2006-10-22 12:30:00,68,S
2006-10-22 12:45:00,72,S
2006-10-22 13:00:00,68,S
2006-10-22 13:15:00,60,S
2006-10-22 13:30:00,66,S
2006-10-22 13:45:00,61,S
2006-10-22 14:00:00,58,S
2006-10-22 14:15:00,54,S
2006-10-22 14:30:00,59,S
2006-10-22 14:45:00,53,S
2006-10-22 15:00:00,69,S
2006-10-22 15:15:00,77,S
2006-10-22 15:30:00,64,S
2006-10-22 15:45:00,53,S
2006-10-22 16:00:00,77,S
2006-10-22 16:15:00,86,S
2006-10-22 16:30:00,80,S
2006-10-22 16:45:00,94,S
2006-10-22 17:00:00,68,S
2006-10-22 17:15:00,96,S
2006-10-22 17:30:00,90,S
2006-10-22 17:45:00,114,S
2006-10-22 18:00:00,93,S
2006-10-22 18:15:00,84,S
2006-10-22 18:30:00,63,S
2006-10-22 18:45:00,71,S
2006-10-22 19:00:00,63,S
2006-10-22 19:15:00,53,S
2006-10-22 19:30:00,51,S
2006-10-22 19:45:00,57,S
2006-10-22 20:00:00,37,S
2006-10-22 20:15:00,52,S
2006-10-22 20:30:00,45,S
2006-10-22 20:45:00,58,S
2006-10-22 21:00:00,44,S
2006-10-22 21:15:00,37,S
2006-10-22 21:30:00,31,S
2006-10-22 21:45:00,46,S
2006-10-22 22:00:00,35,S
2006-10-22 22:15:00,40,S
2006-10-22 22:30:00,31,S
2006-10-22 22:45:00,23,S
2006-10-22 23:00:00,25,S
2006-10-22 23:15:00,23,S
2006-10-22 23:30:00,16,S
2006-10-22 23:45:00,14,S
2006-10-23 00:00:00,12,S
2006-10-23 00:15:00,20,S
2006-10-23 00:30:00,17,S
2006-10-23 00:45:00,8,S
2006-10-23 01:00:00,7,S
2006-10-23 01:15:00,5,S
2006-10-23 01:30:00,11,S
2006-10-23 01:45:00,6,S
2006-10-23 02:00:00,2,S
2006-10-23 02:15:00,2,S
2006-10-23 02:30:00,5,S
2006-10-23 02:45:00,4,S
2006-10-23 03:00:00,3,S
2006-10-23 03:15:00,1,S
2006-10-23 03:30:00,1,S
2006-10-23 03:45:00,3,S
2006-10-23 04:00:00,2,S
2006-10-23 04:15:00,4,S
2006-10-23 04:30:00,4,S
2006-10-23 04:45:00,4,S
2006-10-23 05:00:00,3,S
2006-10-23 05:15:00,2,S
2006-10-23 05:30:00,9,S
2006-10-23 05:45:00,15,S
2006-10-23 06:00:00,8,S
2006-10-23 06:15:00,13,S
2006-10-23 06:30:00,14,S
2006-10-23 06:45:00,19,S
2006-10-23 07:00:00,29,S
2006-10-23 07:15:00,39,S
2006-10-23 07:30:00,42,S
2006-10-23 07:45:00,35,S
2006-10-23 08:00:00,50,S
2006-10-23 08:15:00,53,S
2006-10-23 08:30:00,58,S
2006-10-23 08:45:00,40,S
2006-10-23 09:00:00,59,S
2006-10-23 09:15:00,43,S
2006-10-23 09:30:00,56,S
2006-10-23 09:45:00,48,S
2006-10-23 10:00:00,51,S
2006-10-23 10:15:00,58,S
2006-10-23 10:30:00,36,S
2006-10-23 10:45:00,49,S
2006-10-23 11:00:00,56,S
2006-10-23 11:15:00,66,S
2006-10-23 11:30:00,46,S
2006-10-23 11:45:00,71,S
2006-10-23 12:00:00,61,S
2006-10-23 12:15:00,63,S
2006-10-23 12:30:00,65,S
2006-10-23 12:45:00,52,S
2006-10-23 13:00:00,61,S
2006-10-23 13:15:00,45,S
2006-10-23 13:30:00,51,S
2006-10-23 13:45:00,51,S
2006-10-23 14:00:00,68,S
2006-10-23 14:15:00,53,S
2006-10-23 14:30:00,61,S
2006-10-23 14:45:00,83,S
2006-10-23 15:00:00,72,S
2006-10-23 15:15:00,79,S
2006-10-23 15:30:00,116,S
2006-10-23 15:45:00,150,S
2006-10-23 16:00:00,159,S
2006-10-23 16:15:00,168,S
2006-10-23 16:30:00,158,S
2006-10-23 16:45:00,175,S
2006-10-23 17:00:00,185,S
2006-10-23 17:15:00,161,S
2006-10-23 17:30:00,172,S
2006-10-23 17:45:00,203,S
2006-10-23 18:00:00,181,S
2006-10-23 18:15:00,204,S
2006-10-23 18:30:00,183,S
2006-10-23 18:45:00,175,S
2006-10-23 19:00:00,138,S
2006-10-23 19:15:00,116,S
2006-10-23 19:30:00,113,S
2006-10-23 19:45:00,62,S
2006-10-23 20:00:00,65,S
2006-10-23 20:15:00,65,S
2006-10-23 20:30:00,42,S
2006-10-23 20:45:00,49,S
2006-10-23 21:00:00,52,S
2006-10-23 21:15:00,40,S
2006-10-23 21:30:00,50,S
2006-10-23 21:45:00,38,S
2006-10-23 22:00:00,26,S
2006-10-23 22:15:00,42,S
2006-10-23 22:30:00,44,S
2006-10-23 22:45:00,33,S
2006-10-23 23:00:00,32,S
2006-10-23 23:15:00,19,S
2006-10-23 23:30:00,31,S
2006-10-23 23:45:00,25,S
2006-10-24 00:00:00,14,S
2006-10-24 00:15:00,17,S
2006-10-24 00:30:00,11,S
2006-10-24 00:45:00,5,S
2006-10-24 01:00:00,8,S
2006-10-24 01:15:00,8,S
2006-10-24 01:30:00,4,S
2006-10-24 01:45:00,4,S
2006-10-24 02:00:00,7,S
2006-10-24 02:15:00,2,S
2006-10-24 02:30:00,3,S
2006-10-24 02:45:00,2,S
2006-10-24 03:00:00,1,S
2006-10-24 03:15:00,2,S
2006-10-24 03:30:00,1,S
2006-10-24 03:45:00,2,S
2006-10-24 04:00:00,3,S
2006-10-24 04:15:00,0,S
2006-10-24 04:30:00,2,S
2006-10-24 04:45:00,4,S
2006-10-24 05:00:00,1,S
2006-10-24 05:15:00,5,S
2006-10-24 05:30:00,6,S
2006-10-24 05:45:00,8,S
2006-10-24 06:00:00,15,S
2006-10-24 06:15:00,25,S
2006-10-24 06:30:00,13,S
2006-10-24 06:45:00,20,S
2006-10-24 07:00:00,39,S
2006-10-24 07:15:00,39,S
2006-10-24 07:30:00,38,S
2006-10-24 07:45:00,31,S
2006-10-24 08:00:00,52,S
2006-10-24 08:15:00,66,S
2006-10-24 08:30:00,52,S
2006-10-24 08:45:00,44,S
2006-10-24 09:00:00,52,S
2006-10-24 09:15:00,49,S
2006-10-24 09:30:00,69,S
2006-10-24 09:45:00,66,S
2006-10-24 10:00:00,59,S
2006-10-24 10:15:00,47,S
2006-10-24 10:30:00,55,S
2006-10-24 10:45:00,63,S
2006-10-24 11:00:00,51,S
2006-10-24 11:15:00,65,S
2006-10-24 11:30:00,66,S
2006-10-24 11:45:00,79,S
2006-10-24 12:00:00,48,S
2006-10-24 12:15:00,71,S
2006-10-24 12:30:00,65,S
2006-10-24 12:45:00,66,S
2006-10-24 13:00:00,72,S
2006-10-24 13:15:00,48,S
2006-10-24 13:30:00,66,S
2006-10-24 13:45:00,59,S
2006-10-24 14:00:00,47,S
2006-10-24 14:15:00,70,S
2006-10-24 14:30:00,64,S
2006-10-24 14:45:00,71,S
2006-10-24 15:00:00,89,S
2006-10-24 15:15:00,85,S
2006-10-24 15:30:00,129,S
2006-10-24 15:45:00,127,S
2006-10-24 16:00:00,162,S
2006-10-24 16:15:00,174,S
2006-10-24 16:30:00,176,S
2006-10-24 16:45:00,175,S
2006-10-24 17:00:00,151,S
2006-10-24 17:15:00,161,S
2006-10-24 17:30:00,187,S
2006-10-24 17:45:00,211,S
2006-10-24 18:00:00,200,S
2006-10-24 18:15:00,218,S
2006-10-24 18:30:00,195,S
2006-10-24 18:45:00,167,S
2006-10-24 19:00:00,146,S
2006-10-24 19:15:00,137,S
2006-10-24 19:30:00,114,S
2006-10-24 19:45:00,96,S
2006-10-24 20:00:00,76,S
2006-10-24 20:15:00,76,S
2006-10-24 20:30:00,66,S
2006-10-24 20:45:00,49,S
2006-10-24 21:00:00,58,S
2006-10-24 21:15:00,63,S
2006-10-24 21:30:00,53,S
2006-10-24 21:45:00,54,S
2006-10-24 22:00:00,57,S
2006-10-24 22:15:00,47,S
2006-10-24 22:30:00,43,S
2006-10-24 22:45:00,32,S
2006-10-24 23:00:00,43,S
2006-10-24 23:15:00,20,S
2006-10-24 23:30:00,28,S
2006-10-24 23:45:00,25,S
2006-10-25 00:00:00,10,S
2006-10-25 00:15:00,9,S
2006-10-25 00:30:00,21,S
2006-10-25 00:45:00,12,S
2006-10-25 01:00:00,9,S
2006-10-25 01:15:00,4,S
2006-10-25 01:30:00,3,S
2006-10-25 01:45:00,7,S
2006-10-25 02:00:00,6,S
2006-10-25 02:15:00,6,S
2006-10-25 02:30:00,2,S
2006-10-25 02:45:00,2,S
2006-10-25 03:00:00,3,S
2006-10-25 03:15:00,0,S
2006-10-25 03:30:00,2,S
2006-10-25 03:45:00,3,S
2006-10-25 04:00:00,3,S
2006-10-25 04:15:00,2,S
2006-10-25 04:30:00,1,S
2006-10-25 04:45:00,3,S
2006-10-25 05:00:00,4,S
2006-10-25 05:15:00,2,S
2006-10-25 05:30:00,5,S
2006-10-25 05:45:00,8,S
2006-10-25 06:00:00,11,S
2006-10-25 06:15:00,13,S
2006-10-25 06:30:00,13,S
2006-10-25 06:45:00,26,S
2006-10-25 07:00:00,32,S
2006-10-25 07:15:00,49,S
2006-10-25 07:30:00,42,S
2006-10-25 07:45:00,42,S
2006-10-25 08:00:00,62,S
2006-10-25 08:15:00,41,S
2006-10-25 08:30:00,68,S
2006-10-25 08:45:00,45,S
2006-10-25 09:00:00,59,S
2006-10-25 09:15:00,53,S
2006-10-25 09:30:00,54,S
2006-10-25 09:45:00,42,S
2006-10-25 10:00:00,55,S
2006-10-25 10:15:00,33,S
2006-10-25 10:30:00,45,S
2006-10-25 10:45:00,35,S
2006-10-25 11:00:00,50,S
2006-10-25 11:15:00,44,S
2006-10-25 11:30:00,46,S
2006-10-25 11:45:00,48,S
2006-10-25 12:00:00,58,S
2006-10-25 12:15:00,60,S
2006-10-25 12:30:00,45,S
2006-10-25 12:45:00,70,S
2006-10-25 13:00:00,74,S
2006-10-25 13:15:00,54,S
2006-10-25 13:30:00,77,S
2006-10-25 13:45:00,57,S
2006-10-25 14:00:00,75,S
2006-10-25 14:15:00,59,S
2006-10-25 14:30:00,67,S
2006-10-25 14:45:00,72,S
2006-10-25 15:00:00,68,S
2006-10-25 15:15:00,90,S
2006-10-25 15:30:00,110,S
2006-10-25 15:45:00,139,S
2006-10-25 16:00:00,150,S
2006-10-25 16:15:00,142,S
2006-10-25 16:30:00,175,S
2006-10-25 16:45:00,171,S
2006-10-25 17:00:00,185,S
2006-10-25 17:15:00,200,S
2006-10-25 17:30:00,221,S
2006-10-25 17:45:00,220,S
2006-10-25 18:00:00,209,S
2006-10-25 18:15:00,218,S
2006-10-25 18:30:00,195,S
2006-10-25 18:45:00,171,S
2006-10-25 19:00:00,161,S
2006-10-25 19:15:00,133,S
2006-10-25 19:30:00,108,S
2006-10-25 19:45:00,122,S
2006-10-25 20:00:00,76,S
2006-10-25 20:15:00,67,S
2006-10-25 20:30:00,82,S
2006-10-25 20:45:00,62,S
2006-10-25 21:00:00,59,S
2006-10-25 21:15:00,51,S
2006-10-25 21:30:00,46,S
2006-10-25 21:45:00,62,S
2006-10-25 22:00:00,47,S
2006-10-25 22:15:00,50,S
2006-10-25 22:30:00,40,S
2006-10-25 22:45:00,43,S
2006-10-25 23:00:00,34,S
2006-10-25 23:15:00,40,S
2006-10-25 23:30:00,33,S
2006-10-25 23:45:00,32,S
2006-10-26 00:00:00,20,S
2006-10-26 00:15:00,12,S
2006-10-26 00:30:00,11,S
2006-10-26 00:45:00,6,S
2006-10-26 01:00:00,10,S
2006-10-26 01:15:00,7,S
2006-10-26 01:30:00,6,S
2006-10-26 01:45:00,8,S
2006-10-26 02:00:00,3,S
2006-10-26 02:15:00,4,S
2006-10-26 02:30:00,2,S
2006-10-26 02:45:00,4,S
2006-10-26 03:00:00,5,S
2006-10-26 03:15:00,0,S
2006-10-26 03:30:00,3,S
2006-10-26 03:45:00,2,S
2006-10-26 04:00:00,2,S
2006-10-26 04:15:00,2,S
2006-10-26 04:30:00,0,S
2006-10-26 04:45:00,5,S
2006-10-26 05:00:00,1,S
2006-10-26 05:15:00,3,S
2006-10-26 05:30:00,7,S
2006-10-26 05:45:00,5,S
2006-10-26 06:00:00,17,S
2006-10-26 06:15:00,14,S
2006-10-26 06:30:00,8,S
2006-10-26 06:45:00,19,S
2006-10-26 07:00:00,31,S
2006-10-26 07:15:00,35,S
2006-10-26 07:30:00,37,S
2006-10-26 07:45:00,40,S
2006-10-26 08:00:00,61,S
2006-10-26 08:15:00,54,S
2006-10-26 08:30:00,63,S
2006-10-26 08:45:00,50,S
2006-10-26 09:00:00,62,S
2006-10-26 09:15:00,51,S
2006-10-26 09:30:00,59,S
2006-10-26 09:45:00,66,S
2006-10-26 10:00:00,55,S
2006-10-26 10:15:00,55,S
2006-10-26 10:30:00,58,S
2006-10-26 10:45:00,41,S
2006-10-26 11:00:00,44,S
2006-10-26 11:15:00,65,S
2006-10-26 11:30:00,60,S
2006-10-26 11:45:00,68,S
2006-10-26 12:00:00,66,S
2006-10-26 12:15:00,75,S
2006-10-26 12:30:00,79,S
2006-10-26 12:45:00,65,S
2006-10-26 13:00:00,60,S
2006-10-26 13:15:00,59,S
2006-10-26 13:30:00,60,S
2006-10-26 13:45:00,61,S
2006-10-26 14:00:00,86,S
2006-10-26 14:15:00,73,S
2006-10-26 14:30:00,70,S
2006-10-26 14:45:00,87,S
2006-10-26 15:00:00,77,S
2006-10-26 15:15:00,89,S
2006-10-26 15:30:00,129,S
2006-10-26 15:45:00,146,S
2006-10-26 16:00:00,159,S
2006-10-26 16:15:00,168,S
2006-10-26 16:30:00,177,S
2006-10-26 16:45:00,152,S
2006-10-26 17:00:00,185,S
2006-10-26 17:15:00,194,S
2006-10-26 17:30:00,191,S
2006-10-26 17:45:00,208,S
2006-10-26 18:00:00,194,S
2006-10-26 18:15:00,188,S
2006-10-26 18:30:00,199,S
2006-10-26 18:45:00,195,S
2006-10-26 19:00:00,145,S
2006-10-26 19:15:00,105,S
2006-10-26 19:30:00,128,S
2006-10-26 19:45:00,120,S
2006-10-26 20:00:00,75,S
2006-10-26 20:15:00,92,S
2006-10-26 20:30:00,71,S
2006-10-26 20:45:00,75,S
2006-10-26 21:00:00,71,S
2006-10-26 21:15:00,61,S
2006-10-26 21:30:00,47,S
2006-10-26 21:45:00,56,S
2006-10-26 22:00:00,68,S
2006-10-26 22:15:00,58,S
2006-10-26 22:30:00,47,S
2006-10-26 22:45:00,56,S
2006-10-26 23:00:00,48,S
2006-10-26 23:15:00,32,S
2006-10-26 23:30:00,44,S
2006-10-26 23:45:00,45,S
2006-10-27 00:00:00,35,S
2006-10-27 00:15:00,27,S
2006-10-27 00:30:00,15,S
2006-10-27 00:45:00,17,S
2006-10-27 01:00:00,18,S
2006-10-27 01:15:00,12,S
2006-10-27 01:30:00,6,S
2006-10-27 01:45:00,6,S
2006-10-27 02:00:00,7,S
2006-10-27 02:15:00,13,S
2006-10-27 02:30:00,4,S
2006-10-27 02:45:00,8,S
2006-10-27 03:00:00,4,S
2006-10-27 03:15:00,3,S
2006-10-27 03:30:00,2,S
2006-10-27 03:45:00,2,S
2006-10-27 04:00:00,4,S
2006-10-27 04:15:00,4,S
2006-10-27 04:30:00,4,S
2006-10-27 04:45:00,1,S
2006-10-27 05:00:00,3,S
2006-10-27 05:15:00,2,S
2006-10-27 05:30:00,6,S
2006-10-27 05:45:00,12,S
2006-10-27 06:00:00,12,S
2006-10-27 06:15:00,14,S
2006-10-27 06:30:00,10,S
2006-10-27 06:45:00,35,S
2006-10-27 07:00:00,27,S
2006-10-27 07:15:00,25,S
2006-10-27 07:30:00,45,S
2006-10-27 07:45:00,42,S
2006-10-27 08:00:00,48,S
2006-10-27 08:15:00,51,S
2006-10-27 08:30:00,56,S
2006-10-27 08:45:00,53,S
2006-10-27 09:00:00,54,S
2006-10-27 09:15:00,54,S
2006-10-27 09:30:00,67,S
2006-10-27 09:45:00,47,S
2006-10-27 10:00:00,41,S
2006-10-27 10:15:00,45,S
2006-10-27 10:30:00,52,S
2006-10-27 10:45:00,40,S
2006-10-27 11:00:00,51,S
2006-10-27 11:15:00,44,S
2006-10-27 11:30:00,86,S
2006-10-27 11:45:00,69,S
2006-10-27 12:00:00,77,S
2006-10-27 12:15:00,67,S
2006-10-27 12:30:00,75,S
2006-10-27 12:45:00,62,S
2006-10-27 13:00:00,69,S
2006-10-27 13:15:00,60,S
2006-10-27 13:30:00,77,S
2006-10-27 13:45:00,64,S
2006-10-27 14:00:00,65,S
2006-10-27 14:15:00,64,S
2006-10-27 14:30:00,100,S
2006-10-27 14:45:00,78,S
2006-10-27 15:00:00,89,S
2006-10-27 15:15:00,91,S
2006-10-27 15:30:00,163,S
2006-10-27 15:45:00,170,S
2006-10-27 16:00:00,144,S
2006-10-27 16:15:00,168,S
2006-10-27 16:30:00,177,S
2006-10-27 16:45:00,214,S
2006-10-27 17:00:00,205,S
2006-10-27 17:15:00,161,S
2006-10-27 17:30:00,189,S
2006-10-27 17:45:00,220,S
2006-10-27 18:00:00,207,S
2006-10-27 18:15:00,195,S
2006-10-27 18:30:00,163,S
2006-10-27 18:45:00,142,S
2006-10-27 19:00:00,129,S
2006-10-27 19:15:00,110,S
2006-10-27 19:30:00,112,S
2006-10-27 19:45:00,87,S
2006-10-27 20:00:00,59,S
2006-10-27 20:15:00,67,S
2006-10-27 20:30:00,54,S
2006-10-27 20:45:00,64,S
2006-10-27 21:00:00,53,S
2006-10-27 21:15:00,37,S
2006-10-27 21:30:00,54,S
2006-10-27 21:45:00,35,S
2006-10-27 22:00:00,48,S
2006-10-27 22:15:00,36,S
2006-10-27 22:30:00,46,S
2006-10-27 22:45:00,52,S
2006-10-27 23:00:00,50,S
2006-10-27 23:15:00,53,S
2006-10-27 23:30:00,45,S
2006-10-27 23:45:00,44,S
2006-10-28 00:00:00,38,S
2006-10-28 00:15:00,46,S
2006-10-28 00:30:00,34,S
2006-10-28 00:45:00,28,S
2006-10-28 01:00:00,22,S
2006-10-28 01:15:00,27,S
2006-10-28 01:30:00,16,S
2006-10-28 01:45:00,19,S
2006-10-28 02:00:00,8,S
2006-10-28 02:15:00,20,S
2006-10-28 02:30:00,12,S
2006-10-28 02:45:00,12,S
2006-10-28 03:00:00,11,S
2006-10-28 03:15:00,7,S
2006-10-28 03:30:00,9,S
2006-10-28 03:45:00,4,S
2006-10-28 04:00:00,11,S
2006-10-28 04:15:00,7,S
2006-10-28 04:30:00,6,S
2006-10-28 04:45:00,4,S
2006-10-28 05:00:00,3,S
2006-10-28 05:15:00,15,S
2006-10-28 05:30:00,3,S
2006-10-28 05:45:00,9,S
2006-10-28 06:00:00,9,S
2006-10-28 06:15:00,8,S
2006-10-28 06:30:00,5,S
2006-10-28 06:45:00,15,S
2006-10-28 07:00:00,15,S
2006-10-28 07:15:00,14,S
2006-10-28 07:30:00,18,S
2006-10-28 07:45:00,11,S
2006-10-28 08:00:00,22,S
2006-10-28 08:15:00,33,S
2006-10-28 08:30:00,34,S
2006-10-28 08:45:00,40,S
2006-10-28 09:00:00,44,S
2006-10-28 09:15:00,60,S
2006-10-28 09:30:00,47,S
2006-10-28 09:45:00,48,S
2006-10-28 10:00:00,58,S
2006-10-28 10:15:00,43,S
2006-10-28 10:30:00,54,S
2006-10-28 10:45:00,81,S
2006-10-28 11:00:00,61,S
2006-10-28 11:15:00,76,S
2006-10-28 11:30:00,57,S
2006-10-28 11:45:00,62,S
2006-10-28 12:00:00,84,S
2006-10-28 12:15:00,92,S
2006-10-28 12:30:00,81,S
2006-10-28 12:45:00,69,S
2006-10-28 13:00:00,63,S
2006-10-28 13:15:00,68,S
2006-10-28 13:30:00,53,S
2006-10-28 13:45:00,60,S
2006-10-28 14:00:00,67,S
2006-10-28 14:15:00,64,S
2006-10-28 14:30:00,60,S
2006-10-28 14:45:00,48,S
2006-10-28 15:00:00,61,S
2006-10-28 15:15:00,49,S
2006-10-28 15:30:00,64,S
2006-10-28 15:45:00,70,S
2006-10-28 16:00:00,59,S
2006-10-28 16:15:00,64,S
2006-10-28 16:30:00,69,S
2006-10-28 16:45:00,78,S
2006-10-28 17:00:00,97,S
2006-10-28 17:15:00,86,S
2006-10-28 17:30:00,92,S
2006-10-28 17:45:00,71,S
2006-10-28 18:00:00,82,S
2006-10-28 18:15:00,96,S
2006-10-28 18:30:00,66,S
2006-10-28 18:45:00,76,S
2006-10-28 19:00:00,78,S
2006-10-28 19:15:00,63,S
2006-10-28 19:30:00,52,S
2006-10-28 19:45:00,42,S
2006-10-28 20:00:00,54,S
2006-10-28 20:15:00,52,S
2006-10-28 20:30:00,34,S
2006-10-28 20:45:00,34,S
2006-10-28 21:00:00,21,S
2006-10-28 21:15:00,25,S
2006-10-28 21:30:00,18,S
2006-10-28 21:45:00,34,S
2006-10-28 22:00:00,38,S
2006-10-28 22:15:00,40,S
2006-10-28 22:30:00,31,S
2006-10-28 22:45:00,38,S
2006-10-28 23:00:00,43,S
2006-10-28 23:15:00,48,S
2006-10-28 23:30:00,43,S
2006-10-28 23:45:00,60,S
2006-10-29 00:00:00,55,S
2006-10-29 00:15:00,46,S
2006-10-29 00:30:00,39,S
2006-10-29 00:45:00,44,S
2006-10-29 01:00:00,29,S
2006-10-29 01:15:00,33,S
2006-10-29 01:30:00,29,S
2006-10-29 01:45:00,24,S
2006-10-29 02:00:00,0,S
2006-10-29 02:15:00,0,S
2006-10-29 02:30:00,0,S
2006-10-29 02:45:00,0,S
2006-10-29 03:00:00,15,S
2006-10-29 03:15:00,21,S
2006-10-29 03:30:00,24,S
2006-10-29 03:45:00,13,S
2006-10-29 04:00:00,12,S
2006-10-29 04:15:00,12,S
2006-10-29 04:30:00,10,S
2006-10-29 04:45:00,6,S
2006-10-29 05:00:00,11,S
2006-10-29 05:15:00,8,S
2006-10-29 05:30:00,12,S
2006-10-29 05:45:00,7,S
2006-10-29 06:00:00,10,S
2006-10-29 06:15:00,8,S
2006-10-29 06:30:00,8,S
2006-10-29 06:45:00,7,S
2006-10-29 07:00:00,8,S
2006-10-29 07:15:00,8,S
2006-10-29 07:30:00,15,S
2006-10-29 07:45:00,12,S
2006-10-29 08:00:00,7,S
2006-10-29 08:15:00,19,S
2006-10-29 08:30:00,10,S
2006-10-29 08:45:00,15,S
2006-10-29 09:00:00,19,S
2006-10-29 09:15:00,18,S
2006-10-29 09:30:00,21,S
2006-10-29 09:45:00,20,S
2006-10-29 10:00:00,32,S
2006-10-29 10:15:00,36,S
2006-10-29 10:30:00,27,S
2006-10-29 10:45:00,31,S
2006-10-29 11:00:00,34,S
2006-10-29 11:15:00,48,S
2006-10-29 11:30:00,49,S
2006-10-29 11:45:00,41,S
2006-10-29 12:00:00,60,S
2006-10-29 12:15:00,68,S
2006-10-29 12:30:00,56,S
2006-10-29 12:45:00,86,S
2006-10-29 13:00:00,48,S
2006-10-29 13:15:00,51,S
2006-10-29 13:30:00,73,S
2006-10-29 13:45:00,54,S
2006-10-29 14:00:00,49,S
2006-10-29 14:15:00,59,S
2006-10-29 14:30:00,67,S
2006-10-29 14:45:00,64,S
2006-10-29 15:00:00,79,S
2006-10-29 15:15:00,72,S
2006-10-29 15:30:00,81,S
2006-10-29 15:45:00,72,S
2006-10-29 16:00:00,67,S
2006-10-29 16:15:00,84,S
2006-10-29 16:30:00,89,S
2006-10-29 16:45:00,84,S
2006-10-29 17:00:00,92,S
2006-10-29 17:15:00,86,S
2006-10-29 17:30:00,78,S
2006-10-29 17:45:00,90,S
2006-10-29 18:00:00,88,S
2006-10-29 18:15:00,74,S
2006-10-29 18:30:00,66,S
2006-10-29 18:45:00,58,S
2006-10-29 19:00:00,64,S
2006-10-29 19:15:00,77,S
2006-10-29 19:30:00,57,S
2006-10-29 19:45:00,44,S
2006-10-29 20:00:00,52,S
2006-10-29 20:15:00,49,S
2006-10-29 20:30:00,37,S
2006-10-29 20:45:00,48,S
2006-10-29 21:00:00,36,S
2006-10-29 21:15:00,45,S
2006-10-29 21:30:00,26,S
2006-10-29 21:45:00,42,S
2006-10-29 22:00:00,32,S
2006-10-29 22:15:00,37,S
2006-10-29 22:30:00,29,S
2006-10-29 22:45:00,23,S
2006-10-29 23:00:00,21,S
2006-10-29 23:15:00,15,S
2006-10-29 23:30:00,20,S
2006-10-29 23:45:00,24,S
2006-10-30 00:00:00,18,S
2006-10-30 00:15:00,10,S
2006-10-30 00:30:00,12,S
2006-10-30 00:45:00,13,S
2006-10-30 01:00:00,8,S
2006-10-30 01:15:00,9,S
2006-10-30 01:30:00,13,S
2006-10-30 01:45:00,4,S
2006-10-30 02:00:00,8,S
2006-10-30 02:15:00,7,S
2006-10-30 02:30:00,5,S
2006-10-30 02:45:00,3,S
2006-10-30 03:00:00,2,S
2006-10-30 03:15:00,2,S
2006-10-30 03:30:00,2,S
2006-10-30 03:45:00,3,S
2006-10-30 04:00:00,3,S
2006-10-30 04:15:00,2,S
2006-10-30 04:30:00,1,S
2006-10-30 04:45:00,3,S
2006-10-30 05:00:00,4,S
2006-10-30 05:15:00,1,S
2006-10-30 05:30:00,12,S
2006-10-30 05:45:00,3,S
2006-10-30 06:00:00,14,S
2006-10-30 06:15:00,12,S
2006-10-30 06:30:00,9,S
2006-10-30 06:45:00,24,S
2006-10-30 07:00:00,54,S
2006-10-30 07:15:00,31,S
2006-10-30 07:30:00,33,S
2006-10-30 07:45:00,44,S
2006-10-30 08:00:00,54,S
2006-10-30 08:15:00,52,S
2006-10-30 08:30:00,60,S
2006-10-30 08:45:00,50,S
2006-10-30 09:00:00,53,S
2006-10-30 09:15:00,48,S
2006-10-30 09:30:00,49,S
2006-10-30 09:45:00,48,S
2006-10-30 10:00:00,47,S
2006-10-30 10:15:00,37,S
2006-10-30 10:30:00,46,S
2006-10-30 10:45:00,46,S
2006-10-30 11:00:00,60,S
2006-10-30 11:15:00,66,S
2006-10-30 11:30:00,64,S
2006-10-30 11:45:00,49,S
2006-10-30 12:00:00,76,S
2006-10-30 12:15:00,64,S
2006-10-30 12:30:00,70,S
2006-10-30 12:45:00,57,S
2006-10-30 13:00:00,69,S
2006-10-30 13:15:00,60,S
2006-10-30 13:30:00,54,S
2006-10-30 13:45:00,60,S
2006-10-30 14:00:00,74,S
2006-10-30 14:15:00,57,S
2006-10-30 14:30:00,71,S
2006-10-30 14:45:00,63,S
2006-10-30 15:00:00,75,S
2006-10-30 15:15:00,103,S
2006-10-30 15:30:00,104,S
2006-10-30 15:45:00,150,S
2006-10-30 16:00:00,159,S
2006-10-30 16:15:00,168,S
2006-10-30 16:30:00,177,S
2006-10-30 16:45:00,175,S
2006-10-30 17:00:00,185,S
2006-10-30 17:15:00,161,S
2006-10-30 17:30:00,209,S
2006-10-30 17:45:00,230,S
2006-10-30 18:00:00,184,S
2006-10-30 18:15:00,206,S
2006-10-30 18:30:00,195,S
2006-10-30 18:45:00,171,S
2006-10-30 19:00:00,126,S
2006-10-30 19:15:00,120,S
2006-10-30 19:30:00,118,S
2006-10-30 19:45:00,69,S
2006-10-30 20:00:00,64,S
2006-10-30 20:15:00,62,S
2006-10-30 20:30:00,60,S
2006-10-30 20:45:00,41,S
2006-10-30 21:00:00,48,S
2006-10-30 21:15:00,56,S
2006-10-30 21:30:00,48,S
2006-10-30 21:45:00,44,S
2006-10-30 22:00:00,38,S
2006-10-30 22:15:00,33,S
2006-10-30 22:30:00,31,S
2006-10-30 22:45:00,27,S
2006-10-30 23:00:00,23,S
2006-10-30 23:15:00,35,S
2006-10-30 23:30:00,26,S
2006-10-30 23:45:00,17,S
2006-10-31 00:00:00,18,S
2006-10-31 00:15:00,7,S
2006-10-31 00:30:00,15,S
2006-10-31 00:45:00,8,S
2006-10-31 01:00:00,8,S
2006-10-31 01:15:00,9,S
2006-10-31 01:30:00,3,S
2006-10-31 01:45:00,7,S
2006-10-31 02:00:00,6,S
2006-10-31 02:15:00,5,S
2006-10-31 02:30:00,4,S
2006-10-31 02:45:00,4,S
2006-10-31 03:00:00,2,S
2006-10-31 03:15:00,4,S
2006-10-31 03:30:00,2,S
2006-10-31 03:45:00,1,S
2006-10-31 04:00:00,2,S
2006-10-31 04:15:00,0,S
2006-10-31 04:30:00,3,S
2006-10-31 04:45:00,5,S
2006-10-31 05:00:00,4,S
2006-10-31 05:15:00,4,S
2006-10-31 05:30:00,2,S
2006-10-31 05:45:00,12,S
2006-10-31 06:00:00,17,S
2006-10-31 06:15:00,14,S
2006-10-31 06:30:00,11,S
2006-10-31 06:45:00,26,S
2006-10-31 07:00:00,34,S
2006-10-31 07:15:00,33,S
2006-10-31 07:30:00,36,S
2006-10-31 07:45:00,37,S
2006-10-31 08:00:00,56,S
2006-10-31 08:15:00,56,S
2006-10-31 08:30:00,61,S
2006-10-31 08:45:00,58,S
2006-10-31 09:00:00,60,S
2006-10-31 09:15:00,58,S
2006-10-31 09:30:00,55,S
2006-10-31 09:45:00,61,S
2006-10-31 10:00:00,66,S
2006-10-31 10:15:00,39,S
2006-10-31 10:30:00,43,S
2006-10-31 10:45:00,50,S
2006-10-31 11:00:00,51,S
2006-10-31 11:15:00,57,S
2006-10-31 11:30:00,40,S
2006-10-31 11:45:00,55,S
2006-10-31 12:00:00,58,S
2006-10-31 12:15:00,55,S
2006-10-31 12:30:00,66,S
2006-10-31 12:45:00,52,S
2006-10-31 13:00:00,62,S
2006-10-31 13:15:00,78,S
2006-10-31 13:30:00,50,S
2006-10-31 13:45:00,50,S
2006-10-31 14:00:00,59,S
2006-10-31 14:15:00,74,S
2006-10-31 14:30:00,78,S
2006-10-31 14:45:00,70,S
2006-10-31 15:00:00,102,S
2006-10-31 15:15:00,75,S
2006-10-31 15:30:00,98,S
2006-10-31 15:45:00,96,S
2006-10-31 16:00:00,113,S
2006-10-31 16:15:00,179,S
2006-10-31 16:30:00,185,S
2006-10-31 16:45:00,199,S
2006-10-31 17:00:00,133,S
2006-10-31 17:15:00,138,S
2006-10-31 17:30:00,163,S
2006-10-31 17:45:00,223,S
2006-10-31 18:00:00,204,S
2006-10-31 18:15:00,219,S
2006-10-31 18:30:00,242,S
2006-10-31 18:45:00,192,S
2006-10-31 19:00:00,157,S
2006-10-31 19:15:00,120,S
2006-10-31 19:30:00,107,S
2006-10-31 19:45:00,91,S
2006-10-31 20:00:00,83,S
2006-10-31 20:15:00,78,S
2006-10-31 20:30:00,68,S
2006-10-31 20:45:00,66,S
2006-10-31 21:00:00,53,S
2006-10-31 21:15:00,51,S
2006-10-31 21:30:00,53,S
2006-10-31 21:45:00,60,S
2006-10-31 22:00:00,51,S
2006-10-31 22:15:00,50,S
2006-10-31 22:30:00,33,S
2006-10-31 22:45:00,59,S
2006-10-31 23:00:00,44,S
2006-10-31 23:15:00,33,S
2006-10-31 23:30:00,18,S
2006-10-31 23:45:00,24,S
2006-11-01 00:00:00,21,S
2006-10-01 00:15:00,66,W
2006-10-01 00:30:00,44,W
2006-10-01 00:45:00,40,W
2006-10-01 01:00:00,37,W
2006-10-01 01:15:00,34,W
2006-10-01 01:30:00,31,W
2006-10-01 01:45:00,31,W
2006-10-01 02:00:00,34,W
2006-10-01 02:15:00,19,W
2006-10-01 02:30:00,21,W
2006-10-01 02:45:00,22,W
2006-10-01 03:00:00,17,W
2006-10-01 03:15:00,18,W
2006-10-01 03:30:00,25,W
2006-10-01 03:45:00,16,W
2006-10-01 04:00:00,9,W
2006-10-01 04:15:00,15,W
2006-10-01 04:30:00,21,W
2006-10-01 04:45:00,15,W
2006-10-01 05:00:00,13,W
2006-10-01 05:15:00,14,W
2006-10-01 05:30:00,7,W
2006-10-01 05:45:00,5,W
2006-10-01 06:00:00,19,W
2006-10-01 06:15:00,15,W
2006-10-01 06:30:00,16,W
2006-10-01 06:45:00,22,W
2006-10-01 07:00:00,28,W
2006-10-01 07:15:00,26,W
2006-10-01 07:30:00,31,W
2006-10-01 07:45:00,31,W
2006-10-01 08:00:00,43,W
2006-10-01 08:15:00,26,W
2006-10-01 08:30:00,35,W
2006-10-01 08:45:00,63,W
2006-10-01 09:00:00,59,W
2006-10-01 09:15:00,52,W
2006-10-01 09:30:00,85,W
2006-10-01 09:45:00,101,W
2006-10-01 10:00:00,117,W
2006-10-01 10:15:00,105,W
2006-10-01 10:30:00,97,W
2006-10-01 10:45:00,86,W
2006-10-01 11:00:00,113,W
2006-10-01 11:15:00,104,W
2006-10-01 11:30:00,140,W
2006-10-01 11:45:00,132,W
2006-10-01 12:00:00,139,W
2006-10-01 12:15:00,149,W
2006-10-01 12:30:00,142,W
2006-10-01 12:45:00,125,W
2006-10-01 13:00:00,194,W
2006-10-01 13:15:00,130,W
2006-10-01 13:30:00,141,W
2006-10-01 13:45:00,111,W
2006-10-01 14:00:00,119,W
2006-10-01 14:15:00,121,W
2006-10-01 14:30:00,129,W
2006-10-01 14:45:00,101,W
2006-10-01 15:00:00,138,W
2006-10-01 15:15:00,124,W
2006-10-01 15:30:00,114,W
2006-10-01 15:45:00,143,W
2006-10-01 16:00:00,137,W
2006-10-01 16:15:00,162,W
2006-10-01 16:30:00,131,W
2006-10-01 16:45:00,124,W
2006-10-01 17:00:00,146,W
2006-10-01 17:15:00,144,W
2006-10-01 17:30:00,164,W
2006-10-01 17:45:00,142,W
2006-10-01 18:00:00,153,W
2006-10-01 18:15:00,114,W
2006-10-01 18:30:00,118,W
2006-10-01 18:45:00,104,W
2006-10-01 19:00:00,95,W
2006-10-01 19:15:00,82,W
2006-10-01 19:30:00,58,W
2006-10-01 19:45:00,77,W
2006-10-01 20:00:00,67,W
2006-10-01 20:15:00,46,W
2006-10-01 20:30:00,45,W
2006-10-01 20:45:00,47,W
2006-10-01 21:00:00,60,W
2006-10-01 21:15:00,60,W
2006-10-01 21:30:00,56,W
2006-10-01 21:45:00,43,W
2006-10-01 22:00:00,58,W
2006-10-01 22:15:00,64,W
2006-10-01 22:30:00,46,W
2006-10-01 22:45:00,34,W
2006-10-01 23:00:00,43,W
2006-10-01 23:15:00,35,W
2006-10-01 23:30:00,19,W
2006-10-01 23:45:00,24,W
2006-10-02 00:00:00,22,W
2006-10-02 00:15:00,25,W
2006-10-02 00:30:00,15,W
2006-10-02 00:45:00,17,W
2006-10-02 01:00:00,6,W
2006-10-02 01:15:00,5,W
2006-10-02 01:30:00,7,W
2006-10-02 01:45:00,5,W
2006-10-02 02:00:00,6,W
2006-10-02 02:15:00,7,W
2006-10-02 02:30:00,6,W
2006-10-02 02:45:00,5,W
2006-10-02 03:00:00,2,W
2006-10-02 03:15:00,4,W
2006-10-02 03:30:00,8,W
2006-10-02 03:45:00,2,W
2006-10-02 04:00:00,3,W
2006-10-02 04:15:00,4,W
2006-10-02 04:30:00,8,W
2006-10-02 04:45:00,4,W
2006-10-02 05:00:00,7,W
2006-10-02 05:15:00,11,W
2006-10-02 05:30:00,2,W
2006-10-02 05:45:00,21,W
2006-10-02 06:00:00,15,W
2006-10-02 06:15:00,18,W
2006-10-02 06:30:00,35,W
2006-10-02 06:45:00,73,W
2006-10-02 07:00:00,59,W
2006-10-02 07:15:00,100,W
2006-10-02 07:30:00,112,W
2006-10-02 07:45:00,204,W
2006-10-02 08:00:00,182,W
2006-10-02 08:15:00,212,W
2006-10-02 08:30:00,206,W
2006-10-02 08:45:00,190,W
2006-10-02 09:00:00,172,W
2006-10-02 09:15:00,132,W
2006-10-02 09:30:00,114,W
2006-10-02 09:45:00,133,W
2006-10-02 10:00:00,116,W
2006-10-02 10:15:00,126,W
2006-10-02 10:30:00,103,W
2006-10-02 10:45:00,112,W
2006-10-02 11:00:00,104,W
2006-10-02 11:15:00,106,W
2006-10-02 11:30:00,142,W
2006-10-02 11:45:00,136,W
2006-10-02 12:00:00,129,W
2006-10-02 12:15:00,107,W
2006-10-02 12:30:00,134,W
2006-10-02 12:45:00,118,W
2006-10-02 13:00:00,122,W
2006-10-02 13:15:00,123,W
2006-10-02 13:30:00,128,W
2006-10-02 13:45:00,157,W
2006-10-02 14:00:00,127,W
2006-10-02 14:15:00,125,W
2006-10-02 14:30:00,134,W
2006-10-02 14:45:00,132,W
2006-10-02 15:00:00,138,W
2006-10-02 15:15:00,138,W
2006-10-02 15:30:00,184,W
2006-10-02 15:45:00,168,W
2006-10-02 16:00:00,163,W
2006-10-02 16:15:00,227,W
2006-10-02 16:30:00,222,W
2006-10-02 16:45:00,206,W
2006-10-02 17:00:00,216,W
2006-10-02 17:15:00,258,W
2006-10-02 17:30:00,263,W
2006-10-02 17:45:00,270,W
2006-10-02 18:00:00,290,W
2006-10-02 18:15:00,287,W
2006-10-02 18:30:00,228,W
2006-10-02 18:45:00,197,W
2006-10-02 19:00:00,157,W
2006-10-02 19:15:00,141,W
2006-10-02 19:30:00,131,W
2006-10-02 19:45:00,122,W
2006-10-02 20:00:00,116,W
2006-10-02 20:15:00,74,W
2006-10-02 20:30:00,94,W
2006-10-02 20:45:00,79,W
2006-10-02 21:00:00,72,W
2006-10-02 21:15:00,79,W
2006-10-02 21:30:00,68,W
2006-10-02 21:45:00,61,W
2006-10-02 22:00:00,77,W
2006-10-02 22:15:00,61,W
2006-10-02 22:30:00,54,W
2006-10-02 22:45:00,45,W
2006-10-02 23:00:00,42,W
2006-10-02 23:15:00,34,W
2006-10-02 23:30:00,29,W
2006-10-02 23:45:00,21,W
2006-10-03 00:00:00,9,W
2006-10-03 00:15:00,10,W
2006-10-03 00:30:00,11,W
2006-10-03 00:45:00,9,W
2006-10-03 01:00:00,6,W
2006-10-03 01:15:00,14,W
2006-10-03 01:30:00,5,W
2006-10-03 01:45:00,4,W
2006-10-03 02:00:00,7,W
2006-10-03 02:15:00,6,W
2006-10-03 02:30:00,1,W
2006-10-03 02:45:00,4,W
2006-10-03 03:00:00,8,W
2006-10-03 03:15:00,3,W
2006-10-03 03:30:00,6,W
2006-10-03 03:45:00,4,W
2006-10-03 04:00:00,4,W
2006-10-03 04:15:00,2,W
2006-10-03 04:30:00,10,W
2006-10-03 04:45:00,10,W
2006-10-03 05:00:00,5,W
2006-10-03 05:15:00,8,W
2006-10-03 05:30:00,16,W
2006-10-03 05:45:00,24,W
2006-10-03 06:00:00,36,W
2006-10-03 06:15:00,36,W
2006-10-03 06:30:00,46,W
2006-10-03 06:45:00,68,W
2006-10-03 07:00:00,78,W
2006-10-03 07:15:00,104,W
2006-10-03 07:30:00,140,W
2006-10-03 07:45:00,173,W
2006-10-03 08:00:00,208,W
2006-10-03 08:15:00,237,W
2006-10-03 08:30:00,204,W
2006-10-03 08:45:00,225,W
2006-10-03 09:00:00,173,W
2006-10-03 09:15:00,162,W
2006-10-03 09:30:00,111,W
2006-10-03 09:45:00,158,W
2006-10-03 10:00:00,141,W
2006-10-03 10:15:00,124,W
2006-10-03 10:30:00,109,W
2006-10-03 10:45:00,137,W
2006-10-03 11:00:00,115,W
2006-10-03 11:15:00,125,W
2006-10-03 11:30:00,139,W
2006-10-03 11:45:00,148,W
2006-10-03 12:00:00,129,W
2006-10-03 12:15:00,124,W
2006-10-03 12:30:00,147,W
2006-10-03 12:45:00,144,W
2006-10-03 13:00:00,133,W
2006-10-03 13:15:00,108,W
2006-10-03 13:30:00,148,W
2006-10-03 13:45:00,132,W
2006-10-03 14:00:00,122,W
2006-10-03 14:15:00,167,W
2006-10-03 14:30:00,166,W
2006-10-03 14:45:00,149,W
2006-10-03 15:00:00,140,W
2006-10-03 15:15:00,172,W
2006-10-03 15:30:00,182,W
2006-10-03 15:45:00,210,W
2006-10-03 16:00:00,175,W
2006-10-03 16:15:00,204,W
2006-10-03 16:30:00,225,W
2006-10-03 16:45:00,186,W
2006-10-03 17:00:00,258,W
2006-10-03 17:15:00,252,W
2006-10-03 17:30:00,284,W
2006-10-03 17:45:00,302,W
2006-10-03 18:00:00,282,W
2006-10-03 18:15:00,276,W
2006-10-03 18:30:00,246,W
2006-10-03 18:45:00,225,W
2006-10-03 19:00:00,169,W
2006-10-03 19:15:00,152,W
2006-10-03 19:30:00,121,W
2006-10-03 19:45:00,132,W
2006-10-03 20:00:00,106,W
2006-10-03 20:15:00,91,W
2006-10-03 20:30:00,95,W
2006-10-03 20:45:00,73,W
2006-10-03 21:00:00,94,W
2006-10-03 21:15:00,92,W
2006-10-03 21:30:00,85,W
2006-10-03 21:45:00,84,W
2006-10-03 22:00:00,74,W
2006-10-03 22:15:00,58,W
2006-10-03 22:30:00,58,W
2006-10-03 22:45:00,58,W
2006-10-03 23:00:00,43,W
2006-10-03 23:15:00,40,W
2006-10-03 23:30:00,33,W
2006-10-03 23:45:00,32,W
2006-10-04 00:00:00,21,W
2006-10-04 00:15:00,13,W
2006-10-04 00:30:00,14,W
2006-10-04 00:45:00,15,W
2006-10-04 01:00:00,17,W
2006-10-04 01:15:00,8,W
2006-10-04 01:30:00,12,W
2006-10-04 01:45:00,8,W
2006-10-04 02:00:00,6,W
2006-10-04 02:15:00,6,W
2006-10-04 02:30:00,3,W
2006-10-04 02:45:00,8,W
2006-10-04 03:00:00,2,W
2006-10-04 03:15:00,2,W
2006-10-04 03:30:00,7,W
2006-10-04 03:45:00,1,W
2006-10-04 04:00:00,3,W
2006-10-04 04:15:00,5,W
2006-10-04 04:30:00,8,W
2006-10-04 04:45:00,9,W
2006-10-04 05:00:00,7,W
2006-10-04 05:15:00,3,W
2006-10-04 05:30:00,16,W
2006-10-04 05:45:00,24,W
2006-10-04 06:00:00,33,W
2006-10-04 06:15:00,35,W
2006-10-04 06:30:00,46,W
2006-10-04 06:45:00,74,W
2006-10-04 07:00:00,95,W
2006-10-04 07:15:00,106,W
2006-10-04 07:30:00,158,W
2006-10-04 07:45:00,188,W
2006-10-04 08:00:00,214,W
2006-10-04 08:15:00,195,W
2006-10-04 08:30:00,185,W
2006-10-04 08:45:00,201,W
2006-10-04 09:00:00,216,W
2006-10-04 09:15:00,149,W
2006-10-04 09:30:00,155,W
2006-10-04 09:45:00,154,W
2006-10-04 10:00:00,155,W
2006-10-04 10:15:00,106,W
2006-10-04 10:30:00,125,W
2006-10-04 10:45:00,118,W
2006-10-04 11:00:00,130,W
2006-10-04 11:15:00,142,W
2006-10-04 11:30:00,125,W
2006-10-04 11:45:00,121,W
2006-10-04 12:00:00,129,W
2006-10-04 12:15:00,138,W
2006-10-04 12:30:00,150,W
2006-10-04 12:45:00,121,W
2006-10-04 13:00:00,164,W
2006-10-04 13:15:00,119,W
2006-10-04 13:30:00,151,W
2006-10-04 13:45:00,148,W
2006-10-04 14:00:00,121,W
2006-10-04 14:15:00,146,W
2006-10-04 14:30:00,132,W
2006-10-04 14:45:00,149,W
2006-10-04 15:00:00,144,W
2006-10-04 15:15:00,173,W
2006-10-04 15:30:00,179,W
2006-10-04 15:45:00,196,W
2006-10-04 16:00:00,175,W
2006-10-04 16:15:00,232,W
2006-10-04 16:30:00,229,W
2006-10-04 16:45:00,199,W
2006-10-04 17:00:00,222,W
2006-10-04 17:15:00,240,W
2006-10-04 17:30:00,311,W
2006-10-04 17:45:00,295,W
2006-10-04 18:00:00,257,W
2006-10-04 18:15:00,306,W
2006-10-04 18:30:00,241,W
2006-10-04 18:45:00,235,W
2006-10-04 19:00:00,185,W
2006-10-04 19:15:00,153,W
2006-10-04 19:30:00,143,W
2006-10-04 19:45:00,120,W
2006-10-04 20:00:00,118,W
2006-10-04 20:15:00,113,W
2006-10-04 20:30:00,116,W
2006-10-04 20:45:00,88,W
2006-10-04 21:00:00,83,W
2006-10-04 21:15:00,86,W
2006-10-04 21:30:00,95,W
2006-10-04 21:45:00,87,W
2006-10-04 22:00:00,88,W
2006-10-04 22:15:00,80,W
2006-10-04 22:30:00,73,W
2006-10-04 22:45:00,76,W
2006-10-04 23:00:00,48,W
2006-10-04 23:15:00,58,W
2006-10-04 23:30:00,53,W
2006-10-04 23:45:00,32,W
2006-10-05 00:00:00,28,W
2006-10-05 00:15:00,27,W
2006-10-05 00:30:00,21,W
2006-10-05 00:45:00,17,W
2006-10-05 01:00:00,15,W
2006-10-05 01:15:00,10,W
2006-10-05 01:30:00,7,W
2006-10-05 01:45:00,5,W
2006-10-05 02:00:00,7,W
2006-10-05 02:15:00,5,W
2006-10-05 02:30:00,1,W
2006-10-05 02:45:00,6,W
2006-10-05 03:00:00,2,W
2006-10-05 03:15:00,9,W
2006-10-05 03:30:00,1,W
2006-10-05 03:45:00,6,W
2006-10-05 04:00:00,7,W
2006-10-05 04:15:00,11,W
2006-10-05 04:30:00,5,W
2006-10-05 04:45:00,9,W
2006-10-05 05:00:00,15,W
2006-10-05 05:15:00,5,W
2006-10-05 05:30:00,13,W
2006-10-05 05:45:00,21,W
2006-10-05 06:00:00,21,W
2006-10-05 06:15:00,40,W
2006-10-05 06:30:00,56,W
2006-10-05 06:45:00,55,W
2006-10-05 07:00:00,84,W
2006-10-05 07:15:00,96,W
2006-10-05 07:30:00,141,W
2006-10-05 07:45:00,191,W
2006-10-05 08:00:00,202,W
2006-10-05 08:15:00,208,W
2006-10-05 08:30:00,207,W
2006-10-05 08:45:00,200,W
2006-10-05 09:00:00,175,W
2006-10-05 09:15:00,165,W
2006-10-05 09:30:00,144,W
2006-10-05 09:45:00,133,W
2006-10-05 10:00:00,107,W
2006-10-05 10:15:00,121,W
2006-10-05 10:30:00,128,W
2006-10-05 10:45:00,127,W
2006-10-05 11:00:00,129,W
2006-10-05 11:15:00,117,W
2006-10-05 11:30:00,144,W
2006-10-05 11:45:00,132,W
2006-10-05 12:00:00,150,W
2006-10-05 12:15:00,133,W
2006-10-05 12:30:00,147,W
2006-10-05 12:45:00,141,W
2006-10-05 13:00:00,134,W
2006-10-05 13:15:00,122,W
2006-10-05 13:30:00,133,W
2006-10-05 13:45:00,144,W
2006-10-05 14:00:00,119,W
2006-10-05 14:15:00,147,W
2006-10-05 14:30:00,145,W
2006-10-05 14:45:00,150,W
2006-10-05 15:00:00,141,W
2006-10-05 15:15:00,154,W
2006-10-05 15:30:00,198,W
2006-10-05 15:45:00,190,W
2006-10-05 16:00:00,190,W
2006-10-05 16:15:00,195,W
2006-10-05 16:30:00,242,W
2006-10-05 16:45:00,190,W
2006-10-05 17:00:00,222,W
2006-10-05 17:15:00,276,W
2006-10-05 17:30:00,261,W
2006-10-05 17:45:00,293,W
2006-10-05 18:00:00,271,W
2006-10-05 18:15:00,267,W
2006-10-05 18:30:00,249,W
2006-10-05 18:45:00,212,W
2006-10-05 19:00:00,154,W
2006-10-05 19:15:00,155,W
2006-10-05 19:30:00,136,W
2006-10-05 19:45:00,141,W
2006-10-05 20:00:00,119,W
2006-10-05 20:15:00,109,W
2006-10-05 20:30:00,107,W
2006-10-05 20:45:00,97,W
2006-10-05 21:00:00,81,W
2006-10-05 21:15:00,102,W
2006-10-05 21:30:00,99,W
2006-10-05 21:45:00,68,W
2006-10-05 22:00:00,66,W
2006-10-05 22:15:00,76,W
2006-10-05 22:30:00,83,W
2006-10-05 22:45:00,61,W
2006-10-05 23:00:00,53,W
2006-10-05 23:15:00,66,W
2006-10-05 23:30:00,39,W
2006-10-05 23:45:00,34,W
2006-10-06 00:00:00,27,W
2006-10-06 00:15:00,30,W
2006-10-06 00:30:00,27,W
2006-10-06 00:45:00,20,W
2006-10-06 01:00:00,17,W
2006-10-06 01:15:00,14,W
2006-10-06 01:30:00,14,W
2006-10-06 01:45:00,15,W
2006-10-06 02:00:00,7,W
2006-10-06 02:15:00,11,W
2006-10-06 02:30:00,14,W
2006-10-06 02:45:00,11,W
2006-10-06 03:00:00,8,W
2006-10-06 03:15:00,6,W
2006-10-06 03:30:00,8,W
2006-10-06 03:45:00,10,W
2006-10-06 04:00:00,3,W
2006-10-06 04:15:00,4,W
2006-10-06 04:30:00,12,W
2006-10-06 04:45:00,7,W
2006-10-06 05:00:00,7,W
2006-10-06 05:15:00,6,W
2006-10-06 05:30:00,11,W
2006-10-06 05:45:00,19,W
2006-10-06 06:00:00,33,W
2006-10-06 06:15:00,33,W
2006-10-06 06:30:00,52,W
2006-10-06 06:45:00,59,W
2006-10-06 07:00:00,97,W
2006-10-06 07:15:00,97,W
2006-10-06 07:30:00,122,W
2006-10-06 07:45:00,202,W
2006-10-06 08:00:00,218,W
2006-10-06 08:15:00,218,W
2006-10-06 08:30:00,190,W
2006-10-06 08:45:00,208,W
2006-10-06 09:00:00,201,W
2006-10-06 09:15:00,175,W
2006-10-06 09:30:00,144,W
2006-10-06 09:45:00,120,W
2006-10-06 10:00:00,144,W
2006-10-06 10:15:00,134,W
2006-10-06 10:30:00,138,W
2006-10-06 10:45:00,142,W
2006-10-06 11:00:00,150,W
2006-10-06 11:15:00,140,W
2006-10-06 11:30:00,153,W
2006-10-06 11:45:00,132,W
2006-10-06 12:00:00,145,W
2006-10-06 12:15:00,129,W
2006-10-06 12:30:00,153,W
2006-10-06 12:45:00,158,W
2006-10-06 13:00:00,144,W
2006-10-06 13:15:00,142,W
2006-10-06 13:30:00,127,W
2006-10-06 13:45:00,153,W
2006-10-06 14:00:00,125,W
2006-10-06 14:15:00,143,W
2006-10-06 14:30:00,151,W
2006-10-06 14:45:00,153,W
2006-10-06 15:00:00,140,W
2006-10-06 15:15:00,204,W
2006-10-06 15:30:00,173,W
2006-10-06 15:45:00,206,W
2006-10-06 16:00:00,169,W
2006-10-06 16:15:00,240,W
2006-10-06 16:30:00,257,W
2006-10-06 16:45:00,219,W
2006-10-06 17:00:00,225,W
2006-10-06 17:15:00,208,W
2006-10-06 17:30:00,275,W
2006-10-06 17:45:00,230,W
2006-10-06 18:00:00,236,W
2006-10-06 18:15:00,292,W
2006-10-06 18:30:00,238,W
2006-10-06 18:45:00,211,W
2006-10-06 19:00:00,198,W
2006-10-06 19:15:00,148,W
2006-10-06 19:30:00,190,W
2006-10-06 19:45:00,133,W
2006-10-06 20:00:00,122,W
2006-10-06 20:15:00,112,W
2006-10-06 20:30:00,78,W
2006-10-06 20:45:00,70,W
2006-10-06 21:00:00,78,W
2006-10-06 21:15:00,80,W
2006-10-06 21:30:00,86,W
2006-10-06 21:45:00,72,W
2006-10-06 22:00:00,68,W
2006-10-06 22:15:00,87,W
2006-10-06 22:30:00,60,W
2006-10-06 22:45:00,83,W
2006-10-06 23:00:00,78,W
2006-10-06 23:15:00,84,W
2006-10-06 23:30:00,63,W
2006-10-06 23:45:00,73,W
2006-10-07 00:00:00,57,W
2006-10-07 00:15:00,49,W
2006-10-07 00:30:00,41,W
2006-10-07 00:45:00,40,W
2006-10-07 01:00:00,37,W
2006-10-07 01:15:00,26,W
2006-10-07 01:30:00,37,W
2006-10-07 01:45:00,30,W
2006-10-07 02:00:00,26,W
2006-10-07 02:15:00,16,W
2006-10-07 02:30:00,26,W
2006-10-07 02:45:00,14,W
2006-10-07 03:00:00,14,W
2006-10-07 03:15:00,19,W
2006-10-07 03:30:00,15,W
2006-10-07 03:45:00,14,W
2006-10-07 04:00:00,9,W
2006-10-07 04:15:00,10,W
2006-10-07 04:30:00,15,W
2006-10-07 04:45:00,9,W
2006-10-07 05:00:00,10,W
2006-10-07 05:15:00,11,W
2006-10-07 05:30:00,12,W
2006-10-07 05:45:00,11,W
2006-10-07 06:00:00,17,W
2006-10-07 06:15:00,12,W
2006-10-07 06:30:00,20,W
2006-10-07 06:45:00,41,W
2006-10-07 07:00:00,28,W
2006-10-07 07:15:00,41,W
2006-10-07 07:30:00,39,W
2006-10-07 07:45:00,59,W
2006-10-07 08:00:00,89,W
2006-10-07 08:15:00,79,W
2006-10-07 08:30:00,85,W
2006-10-07 08:45:00,93,W
2006-10-07 09:00:00,117,W
2006-10-07 09:15:00,125,W
2006-10-07 09:30:00,139,W
2006-10-07 09:45:00,131,W
2006-10-07 10:00:00,138,W
2006-10-07 10:15:00,110,W
2006-10-07 10:30:00,150,W
2006-10-07 10:45:00,85,W
2006-10-07 11:00:00,159,W
2006-10-07 11:15:00,182,W
2006-10-07 11:30:00,154,W
2006-10-07 11:45:00,154,W
2006-10-07 12:00:00,208,W
2006-10-07 12:15:00,180,W
2006-10-07 12:30:00,174,W
2006-10-07 12:45:00,153,W
2006-10-07 13:00:00,174,W
2006-10-07 13:15:00,159,W
2006-10-07 13:30:00,156,W
2006-10-07 13:45:00,135,W
2006-10-07 14:00:00,160,W
2006-10-07 14:15:00,143,W
2006-10-07 14:30:00,150,W
2006-10-07 14:45:00,184,W
2006-10-07 15:00:00,142,W
2006-10-07 15:15:00,179,W
2006-10-07 15:30:00,164,W
2006-10-07 15:45:00,145,W
2006-10-07 16:00:00,148,W
2006-10-07 16:15:00,170,W
2006-10-07 16:30:00,176,W
2006-10-07 16:45:00,128,W
2006-10-07 17:00:00,176,W
2006-10-07 17:15:00,161,W
2006-10-07 17:30:00,162,W
2006-10-07 17:45:00,205,W
2006-10-07 18:00:00,148,W
2006-10-07 18:15:00,142,W
2006-10-07 18:30:00,157,W
2006-10-07 18:45:00,151,W
2006-10-07 19:00:00,161,W
2006-10-07 19:15:00,143,W
2006-10-07 19:30:00,104,W
2006-10-07 19:45:00,112,W
2006-10-07 20:00:00,96,W
2006-10-07 20:15:00,78,W
2006-10-07 20:30:00,59,W
2006-10-07 20:45:00,89,W
2006-10-07 21:00:00,68,W
2006-10-07 21:15:00,55,W
2006-10-07 21:30:00,50,W
2006-10-07 21:45:00,52,W
2006-10-07 22:00:00,68,W
2006-10-07 22:15:00,78,W
2006-10-07 22:30:00,70,W
2006-10-07 22:45:00,74,W
2006-10-07 23:00:00,80,W
2006-10-07 23:15:00,92,W
2006-10-07 23:30:00,80,W
2006-10-07 23:45:00,86,W
2006-10-08 00:00:00,77,W
2006-10-08 00:15:00,70,W
2006-10-08 00:30:00,70,W
2006-10-08 00:45:00,46,W
2006-10-08 01:00:00,48,W
2006-10-08 01:15:00,39,W
2006-10-08 01:30:00,40,W
2006-10-08 01:45:00,38,W
2006-10-08 02:00:00,34,W
2006-10-08 02:15:00,24,W
2006-10-08 02:30:00,21,W
2006-10-08 02:45:00,26,W
2006-10-08 03:00:00,29,W
2006-10-08 03:15:00,13,W
2006-10-08 03:30:00,24,W
2006-10-08 03:45:00,18,W
2006-10-08 04:00:00,13,W
2006-10-08 04:15:00,17,W
2006-10-08 04:30:00,19,W
2006-10-08 04:45:00,15,W
2006-10-08 05:00:00,22,W
2006-10-08 05:15:00,14,W
2006-10-08 05:30:00,12,W
2006-10-08 05:45:00,20,W
2006-10-08 06:00:00,17,W
2006-10-08 06:15:00,20,W
2006-10-08 06:30:00,25,W
2006-10-08 06:45:00,23,W
2006-10-08 07:00:00,17,W
2006-10-08 07:15:00,25,W
2006-10-08 07:30:00,46,W
2006-10-08 07:45:00,33,W
2006-10-08 08:00:00,41,W
2006-10-08 08:15:00,48,W
2006-10-08 08:30:00,32,W
2006-10-08 08:45:00,60,W
2006-10-08 09:00:00,62,W
2006-10-08 09:15:00,64,W
2006-10-08 09:30:00,64,W
2006-10-08 09:45:00,89,W
2006-10-08 10:00:00,128,W
2006-10-08 10:15:00,94,W
2006-10-08 10:30:00,96,W
2006-10-08 10:45:00,97,W
2006-10-08 11:00:00,125,W
2006-10-08 11:15:00,121,W
2006-10-08 11:30:00,141,W
2006-10-08 11:45:00,121,W
2006-10-08 12:00:00,150,W
2006-10-08 12:15:00,141,W
2006-10-08 12:30:00,138,W
2006-10-08 12:45:00,155,W
2006-10-08 13:00:00,139,W
2006-10-08 13:15:00,152,W
2006-10-08 13:30:00,151,W
2006-10-08 13:45:00,114,W
2006-10-08 14:00:00,156,W
2006-10-08 14:15:00,131,W
2006-10-08 14:30:00,152,W
2006-10-08 14:45:00,137,W
2006-10-08 15:00:00,129,W
2006-10-08 15:15:00,134,W
2006-10-08 15:30:00,128,W
2006-10-08 15:45:00,139,W
2006-10-08 16:00:00,149,W
2006-10-08 16:15:00,129,W
2006-10-08 16:30:00,121,W
2006-10-08 16:45:00,147,W
2006-10-08 17:00:00,141,W
2006-10-08 17:15:00,136,W
2006-10-08 17:30:00,141,W
2006-10-08 17:45:00,177,W
2006-10-08 18:00:00,145,W
2006-10-08 18:15:00,118,W
2006-10-08 18:30:00,105,W
2006-10-08 18:45:00,107,W
2006-10-08 19:00:00,99,W
2006-10-08 19:15:00,88,W
2006-10-08 19:30:00,81,W
2006-10-08 19:45:00,77,W
2006-10-08 20:00:00,74,W
2006-10-08 20:15:00,63,W
2006-10-08 20:30:00,58,W
2006-10-08 20:45:00,45,W
2006-10-08 21:00:00,52,W
2006-10-08 21:15:00,65,W
2006-10-08 21:30:00,55,W
2006-10-08 21:45:00,41,W
2006-10-08 22:00:00,43,W
2006-10-08 22:15:00,58,W
2006-10-08 22:30:00,51,W
2006-10-08 22:45:00,32,W
2006-10-08 23:00:00,47,W
2006-10-08 23:15:00,35,W
2006-10-08 23:30:00,21,W
2006-10-08 23:45:00,14,W
2006-10-09 00:00:00,22,W
2006-10-09 00:15:00,17,W
2006-10-09 00:30:00,19,W
2006-10-09 00:45:00,8,W
2006-10-09 01:00:00,10,W
2006-10-09 01:15:00,10,W
2006-10-09 01:30:00,8,W
2006-10-09 01:45:00,6,W
2006-10-09 02:00:00,7,W
2006-10-09 02:15:00,2,W
2006-10-09 02:30:00,5,W
2006-10-09 02:45:00,3,W
2006-10-09 03:00:00,2,W
2006-10-09 03:15:00,4,W
2006-10-09 03:30:00,5,W
2006-10-09 03:45:00,2,W
2006-10-09 04:00:00,1,W
2006-10-09 04:15:00,9,W
2006-10-09 04:30:00,11,W
2006-10-09 04:45:00,9,W
2006-10-09 05:00:00,11,W
2006-10-09 05:15:00,14,W
2006-10-09 05:30:00,7,W
2006-10-09 05:45:00,22,W
2006-10-09 06:00:00,24,W
2006-10-09 06:15:00,35,W
2006-10-09 06:30:00,56,W
2006-10-09 06:45:00,66,W
2006-10-09 07:00:00,75,W
2006-10-09 07:15:00,91,W
2006-10-09 07:30:00,134,W
2006-10-09 07:45:00,197,W
2006-10-09 08:00:00,199,W
2006-10-09 08:15:00,202,W
2006-10-09 08:30:00,201,W
2006-10-09 08:45:00,218,W
2006-10-09 09:00:00,176,W
2006-10-09 09:15:00,176,W
2006-10-09 09:30:00,132,W
2006-10-09 09:45:00,158,W
2006-10-09 10:00:00,131,W
2006-10-09 10:15:00,126,W
2006-10-09 10:30:00,109,W
2006-10-09 10:45:00,142,W
2006-10-09 11:00:00,120,W
2006-10-09 11:15:00,128,W
2006-10-09 11:30:00,111,W
2006-10-09 11:45:00,127,W
2006-10-09 12:00:00,127,W
2006-10-09 12:15:00,141,W
2006-10-09 12:30:00,114,W
2006-10-09 12:45:00,135,W
2006-10-09 13:00:00,123,W
2006-10-09 13:15:00,132,W
2006-10-09 13:30:00,125,W
2006-10-09 13:45:00,125,W
2006-10-09 14:00:00,118,W
2006-10-09 14:15:00,128,W
2006-10-09 14:30:00,136,W
2006-10-09 14:45:00,146,W
2006-10-09 15:00:00,148,W
2006-10-09 15:15:00,171,W
2006-10-09 15:30:00,169,W
2006-10-09 15:45:00,177,W
2006-10-09 16:00:00,203,W
2006-10-09 16:15:00,190,W
2006-10-09 16:30:00,248,W
2006-10-09 16:45:00,194,W
2006-10-09 17:00:00,184,W
2006-10-09 17:15:00,241,W
2006-10-09 17:30:00,294,W
2006-10-09 17:45:00,293,W
2006-10-09 18:00:00,300,W
2006-10-09 18:15:00,242,W
2006-10-09 18:30:00,243,W
2006-10-09 18:45:00,193,W
2006-10-09 19:00:00,204,W
2006-10-09 19:15:00,148,W
2006-10-09 19:30:00,145,W
2006-10-09 19:45:00,108,W
2006-10-09 20:00:00,93,W
2006-10-09 20:15:00,83,W
2006-10-09 20:30:00,78,W
2006-10-09 20:45:00,96,W
2006-10-09 21:00:00,67,W
2006-10-09 21:15:00,89,W
2006-10-09 21:30:00,75,W
2006-10-09 21:45:00,65,W
2006-10-09 22:00:00,76,W
2006-10-09 22:15:00,63,W
2006-10-09 22:30:00,56,W
2006-10-09 22:45:00,51,W
2006-10-09 23:00:00,39,W
2006-10-09 23:15:00,28,W
2006-10-09 23:30:00,28,W
2006-10-09 23:45:00,21,W
2006-10-10 00:00:00,16,W
2006-10-10 00:15:00,16,W
2006-10-10 00:30:00,12,W
2006-10-10 00:45:00,4,W
2006-10-10 01:00:00,17,W
2006-10-10 01:15:00,13,W
2006-10-10 01:30:00,10,W
2006-10-10 01:45:00,6,W
2006-10-10 02:00:00,2,W
2006-10-10 02:15:00,3,W
2006-10-10 02:30:00,2,W
2006-10-10 02:45:00,3,W
2006-10-10 03:00:00,2,W
2006-10-10 03:15:00,2,W
2006-10-10 03:30:00,7,W
2006-10-10 03:45:00,5,W
2006-10-10 04:00:00,5,W
2006-10-10 04:15:00,4,W
2006-10-10 04:30:00,12,W
2006-10-10 04:45:00,4,W
2006-10-10 05:00:00,8,W
2006-10-10 05:15:00,7,W
2006-10-10 05:30:00,14,W
2006-10-10 05:45:00,14,W
2006-10-10 06:00:00,43,W
2006-10-10 06:15:00,24,W
2006-10-10 06:30:00,48,W
2006-10-10 06:45:00,85,W
2006-10-10 07:00:00,79,W
2006-10-10 07:15:00,100,W
2006-10-10 07:30:00,139,W
2006-10-10 07:45:00,174,W
2006-10-10 08:00:00,226,W
2006-10-10 08:15:00,222,W
2006-10-10 08:30:00,222,W
2006-10-10 08:45:00,207,W
2006-10-10 09:00:00,166,W
2006-10-10 09:15:00,168,W
2006-10-10 09:30:00,150,W
2006-10-10 09:45:00,144,W
2006-10-10 10:00:00,112,W
2006-10-10 10:15:00,136,W
2006-10-10 10:30:00,136,W
2006-10-10 10:45:00,142,W
2006-10-10 11:00:00,114,W
2006-10-10 11:15:00,114,W
2006-10-10 11:30:00,137,W
2006-10-10 11:45:00,133,W
2006-10-10 12:00:00,142,W
2006-10-10 12:15:00,140,W
2006-10-10 12:30:00,153,W
2006-10-10 12:45:00,140,W
2006-10-10 13:00:00,135,W
2006-10-10 13:15:00,161,W
2006-10-10 13:30:00,118,W
2006-10-10 13:45:00,132,W
2006-10-10 14:00:00,148,W
2006-10-10 14:15:00,135,W
2006-10-10 14:30:00,127,W
2006-10-10 14:45:00,141,W
2006-10-10 15:00:00,171,W
2006-10-10 15:15:00,151,W
2006-10-10 15:30:00,167,W
2006-10-10 15:45:00,224,W
2006-10-10 16:00:00,190,W
2006-10-10 16:15:00,240,W
2006-10-10 16:30:00,203,W
2006-10-10 16:45:00,214,W
2006-10-10 17:00:00,252,W
2006-10-10 17:15:00,256,W
2006-10-10 17:30:00,284,W
2006-10-10 17:45:00,302,W
2006-10-10 18:00:00,266,W
2006-10-10 18:15:00,252,W
2006-10-10 18:30:00,267,W
2006-10-10 18:45:00,182,W
2006-10-10 19:00:00,207,W
2006-10-10 19:15:00,154,W
2006-10-10 19:30:00,142,W
2006-10-10 19:45:00,132,W
2006-10-10 20:00:00,118,W
2006-10-10 20:15:00,85,W
2006-10-10 20:30:00,72,W
2006-10-10 20:45:00,86,W
2006-10-10 21:00:00,75,W
2006-10-10 21:15:00,89,W
2006-10-10 21:30:00,75,W
2006-10-10 21:45:00,89,W
2006-10-10 22:00:00,83,W
2006-10-10 22:15:00,69,W
2006-10-10 22:30:00,86,W
2006-10-10 22:45:00,60,W
2006-10-10 23:00:00,49,W
2006-10-10 23:15:00,50,W
2006-10-10 23:30:00,42,W
2006-10-10 23:45:00,29,W
2006-10-11 00:00:00,29,W
2006-10-11 00:15:00,17,W
2006-10-11 00:30:00,18,W
2006-10-11 00:45:00,24,W
2006-10-11 01:00:00,7,W
2006-10-11 01:15:00,8,W
2006-10-11 01:30:00,8,W
2006-10-11 01:45:00,11,W
2006-10-11 02:00:00,4,W
2006-10-11 02:15:00,5,W
2006-10-11 02:30:00,2,W
2006-10-11 02:45:00,4,W
2006-10-11 03:00:00,5,W
2006-10-11 03:15:00,3,W
2006-10-11 03:30:00,8,W
2006-10-11 03:45:00,5,W
2006-10-11 04:00:00,5,W
2006-10-11 04:15:00,4,W
2006-10-11 04:30:00,7,W
2006-10-11 04:45:00,11,W
2006-10-11 05:00:00,7,W
2006-10-11 05:15:00,15,W
2006-10-11 05:30:00,15,W
2006-10-11 05:45:00,25,W
2006-10-11 06:00:00,33,W
2006-10-11 06:15:00,28,W
2006-10-11 06:30:00,48,W
2006-10-11 06:45:00,63,W
2006-10-11 07:00:00,83,W
2006-10-11 07:15:00,105,W
2006-10-11 07:30:00,151,W
2006-10-11 07:45:00,211,W
2006-10-11 08:00:00,223,W
2006-10-11 08:15:00,239,W
2006-10-11 08:30:00,200,W
2006-10-11 08:45:00,149,W
2006-10-11 09:00:00,209,W
2006-10-11 09:15:00,199,W
2006-10-11 09:30:00,144,W
2006-10-11 09:45:00,112,W
2006-10-11 10:00:00,143,W
2006-10-11 10:15:00,127,W
2006-10-11 10:30:00,154,W
2006-10-11 10:45:00,138,W
2006-10-11 11:00:00,114,W
2006-10-11 11:15:00,143,W
2006-10-11 11:30:00,126,W
2006-10-11 11:45:00,112,W
2006-10-11 12:00:00,167,W
2006-10-11 12:15:00,143,W
2006-10-11 12:30:00,120,W
2006-10-11 12:45:00,134,W
2006-10-11 13:00:00,136,W
2006-10-11 13:15:00,139,W
2006-10-11 13:30:00,142,W
2006-10-11 13:45:00,124,W
2006-10-11 14:00:00,133,W
2006-10-11 14:15:00,130,W
2006-10-11 14:30:00,111,W
2006-10-11 14:45:00,141,W
2006-10-11 15:00:00,165,W
2006-10-11 15:15:00,166,W
2006-10-11 15:30:00,176,W
2006-10-11 15:45:00,184,W
2006-10-11 16:00:00,218,W
2006-10-11 16:15:00,225,W
2006-10-11 16:30:00,217,W
2006-10-11 16:45:00,225,W
2006-10-11 17:00:00,186,W
2006-10-11 17:15:00,214,W
2006-10-11 17:30:00,284,W
2006-10-11 17:45:00,261,W
2006-10-11 18:00:00,256,W
2006-10-11 18:15:00,283,W
2006-10-11 18:30:00,256,W
2006-10-11 18:45:00,205,W
2006-10-11 19:00:00,185,W
2006-10-11 19:15:00,149,W
2006-10-11 19:30:00,181,W
2006-10-11 19:45:00,117,W
2006-10-11 20:00:00,100,W
2006-10-11 20:15:00,120,W
2006-10-11 20:30:00,99,W
2006-10-11 20:45:00,84,W
2006-10-11 21:00:00,87,W
2006-10-11 21:15:00,109,W
2006-10-11 21:30:00,82,W
2006-10-11 21:45:00,99,W
2006-10-11 22:00:00,79,W
2006-10-11 22:15:00,80,W
2006-10-11 22:30:00,91,W
2006-10-11 22:45:00,78,W
2006-10-11 23:00:00,68,W
2006-10-11 23:15:00,42,W
2006-10-11 23:30:00,47,W
2006-10-11 23:45:00,32,W
2006-10-12 00:00:00,24,W
2006-10-12 00:15:00,26,W
2006-10-12 00:30:00,13,W
2006-10-12 00:45:00,15,W
2006-10-12 01:00:00,15,W
2006-10-12 01:15:00,11,W
2006-10-12 01:30:00,11,W
2006-10-12 01:45:00,11,W
2006-10-12 02:00:00,3,W
2006-10-12 02:15:00,5,W
2006-10-12 02:30:00,2,W
2006-10-12 02:45:00,7,W
2006-10-12 03:00:00,7,W
2006-10-12 03:15:00,2,W
2006-10-12 03:30:00,5,W
2006-10-12 03:45:00,3,W
2006-10-12 04:00:00,6,W
2006-10-12 04:15:00,6,W
2006-10-12 04:30:00,15,W
2006-10-12 04:45:00,4,W
2006-10-12 05:00:00,17,W
2006-10-12 05:15:00,7,W
2006-10-12 05:30:00,12,W
2006-10-12 05:45:00,22,W
2006-10-12 06:00:00,27,W
2006-10-12 06:15:00,33,W
2006-10-12 06:30:00,42,W
2006-10-12 06:45:00,65,W
2006-10-12 07:00:00,85,W
2006-10-12 07:15:00,109,W
2006-10-12 07:30:00,151,W
2006-10-12 07:45:00,214,W
2006-10-12 08:00:00,204,W
2006-10-12 08:15:00,225,W
2006-10-12 08:30:00,206,W
2006-10-12 08:45:00,228,W
2006-10-12 09:00:00,157,W
2006-10-12 09:15:00,162,W
2006-10-12 09:30:00,161,W
2006-10-12 09:45:00,151,W
2006-10-12 10:00:00,141,W
2006-10-12 10:15:00,140,W
2006-10-12 10:30:00,124,W
2006-10-12 10:45:00,147,W
2006-10-12 11:00:00,145,W
2006-10-12 11:15:00,142,W
2006-10-12 11:30:00,151,W
2006-10-12 11:45:00,151,W
2006-10-12 12:00:00,137,W
2006-10-12 12:15:00,150,W
2006-10-12 12:30:00,137,W
2006-10-12 12:45:00,128,W
2006-10-12 13:00:00,139,W
2006-10-12 13:15:00,127,W
2006-10-12 13:30:00,135,W
2006-10-12 13:45:00,141,W
2006-10-12 14:00:00,139,W
2006-10-12 14:15:00,148,W
2006-10-12 14:30:00,163,W
2006-10-12 14:45:00,145,W
2006-10-12 15:00:00,151,W
2006-10-12 15:15:00,175,W
2006-10-12 15:30:00,142,W
2006-10-12 15:45:00,209,W
2006-10-12 16:00:00,175,W
2006-10-12 16:15:00,200,W
2006-10-12 16:30:00,169,W
2006-10-12 16:45:00,268,W
2006-10-12 17:00:00,214,W
2006-10-12 17:15:00,269,W
2006-10-12 17:30:00,284,W
2006-10-12 17:45:00,270,W
2006-10-12 18:00:00,236,W
2006-10-12 18:15:00,277,W
2006-10-12 18:30:00,233,W
2006-10-12 18:45:00,210,W
2006-10-12 19:00:00,194,W
2006-10-12 19:15:00,130,W
2006-10-12 19:30:00,150,W
2006-10-12 19:45:00,138,W
2006-10-12 20:00:00,117,W
2006-10-12 20:15:00,119,W
2006-10-12 20:30:00,113,W
2006-10-12 20:45:00,111,W
2006-10-12 21:00:00,98,W
2006-10-12 21:15:00,92,W
2006-10-12 21:30:00,101,W
2006-10-12 21:45:00,71,W
2006-10-12 22:00:00,104,W
2006-10-12 22:15:00,99,W
2006-10-12 22:30:00,87,W
2006-10-12 22:45:00,70,W
2006-10-12 23:00:00,67,W
2006-10-12 23:15:00,64,W
2006-10-12 23:30:00,47,W
2006-10-12 23:45:00,39,W
2006-10-13 00:00:00,25,W
2006-10-13 00:15:00,28,W
2006-10-13 00:30:00,19,W
2006-10-13 00:45:00,20,W
2006-10-13 01:00:00,20,W
2006-10-13 01:15:00,18,W
2006-10-13 01:30:00,13,W
2006-10-13 01:45:00,17,W
2006-10-13 02:00:00,5,W
2006-10-13 02:15:00,5,W
2006-10-13 02:30:00,6,W
2006-10-13 02:45:00,11,W
2006-10-13 03:00:00,7,W
2006-10-13 03:15:00,3,W
2006-10-13 03:30:00,3,W
2006-10-13 03:45:00,7,W
2006-10-13 04:00:00,6,W
2006-10-13 04:15:00,5,W
2006-10-13 04:30:00,9,W
2006-10-13 04:45:00,10,W
2006-10-13 05:00:00,3,W
2006-10-13 05:15:00,9,W
2006-10-13 05:30:00,9,W
2006-10-13 05:45:00,16,W
2006-10-13 06:00:00,36,W
2006-10-13 06:15:00,28,W
2006-10-13 06:30:00,55,W
2006-10-13 06:45:00,70,W
2006-10-13 07:00:00,89,W
2006-10-13 07:15:00,94,W
2006-10-13 07:30:00,118,W
2006-10-13 07:45:00,223,W
2006-10-13 08:00:00,222,W
2006-10-13 08:15:00,230,W
2006-10-13 08:30:00,217,W
2006-10-13 08:45:00,186,W
2006-10-13 09:00:00,159,W
2006-10-13 09:15:00,179,W
2006-10-13 09:30:00,157,W
2006-10-13 09:45:00,135,W
2006-10-13 10:00:00,131,W
2006-10-13 10:15:00,126,W
2006-10-13 10:30:00,113,W
2006-10-13 10:45:00,127,W
2006-10-13 11:00:00,151,W
2006-10-13 11:15:00,102,W
2006-10-13 11:30:00,146,W
2006-10-13 11:45:00,139,W
2006-10-13 12:00:00,150,W
2006-10-13 12:15:00,165,W
2006-10-13 12:30:00,135,W
2006-10-13 12:45:00,181,W
2006-10-13 13:00:00,150,W
2006-10-13 13:15:00,150,W
2006-10-13 13:30:00,152,W
2006-10-13 13:45:00,127,W
2006-10-13 14:00:00,132,W
2006-10-13 14:15:00,157,W
2006-10-13 14:30:00,122,W
2006-10-13 14:45:00,139,W
2006-10-13 15:00:00,179,W
2006-10-13 15:15:00,165,W
2006-10-13 15:30:00,197,W
2006-10-13 15:45:00,196,W
2006-10-13 16:00:00,176,W
2006-10-13 16:15:00,239,W
2006-10-13 16:30:00,200,W
2006-10-13 16:45:00,236,W
2006-10-13 17:00:00,180,W
2006-10-13 17:15:00,264,W
2006-10-13 17:30:00,280,W
2006-10-13 17:45:00,250,W
2006-10-13 18:00:00,278,W
2006-10-13 18:15:00,277,W
2006-10-13 18:30:00,204,W
2006-10-13 18:45:00,209,W
2006-10-13 19:00:00,211,W
2006-10-13 19:15:00,167,W
2006-10-13 19:30:00,159,W
2006-10-13 19:45:00,121,W
2006-10-13 20:00:00,110,W
2006-10-13 20:15:00,105,W
2006-10-13 20:30:00,105,W
2006-10-13 20:45:00,81,W
2006-10-13 21:00:00,87,W
2006-10-13 21:15:00,99,W
2006-10-13 21:30:00,66,W
2006-10-13 21:45:00,68,W
2006-10-13 22:00:00,67,W
2006-10-13 22:15:00,77,W
2006-10-13 22:30:00,85,W
2006-10-13 22:45:00,78,W
2006-10-13 23:00:00,75,W
2006-10-13 23:15:00,83,W
2006-10-13 23:30:00,64,W
2006-10-13 23:45:00,32,W
2006-10-14 00:00:00,59,W
2006-10-14 00:15:00,60,W
2006-10-14 00:30:00,47,W
2006-10-14 00:45:00,24,W
2006-10-14 01:00:00,33,W
2006-10-14 01:15:00,38,W
2006-10-14 01:30:00,25,W
2006-10-14 01:45:00,25,W
2006-10-14 02:00:00,23,W
2006-10-14 02:15:00,17,W
2006-10-14 02:30:00,15,W
2006-10-14 02:45:00,15,W
2006-10-14 03:00:00,8,W
2006-10-14 03:15:00,11,W
2006-10-14 03:30:00,13,W
2006-10-14 03:45:00,15,W
2006-10-14 04:00:00,12,W
2006-10-14 04:15:00,8,W
2006-10-14 04:30:00,11,W
2006-10-14 04:45:00,15,W
2006-10-14 05:00:00,10,W
2006-10-14 05:15:00,8,W
2006-10-14 05:30:00,6,W
2006-10-14 05:45:00,15,W
2006-10-14 06:00:00,25,W
2006-10-14 06:15:00,17,W
2006-10-14 06:30:00,24,W
2006-10-14 06:45:00,33,W
2006-10-14 07:00:00,34,W
2006-10-14 07:15:00,41,W
2006-10-14 07:30:00,57,W
2006-10-14 07:45:00,57,W
2006-10-14 08:00:00,96,W
2006-10-14 08:15:00,68,W
2006-10-14 08:30:00,86,W
2006-10-14 08:45:00,106,W
2006-10-14 09:00:00,127,W
2006-10-14 09:15:00,128,W
2006-10-14 09:30:00,131,W
2006-10-14 09:45:00,134,W
2006-10-14 10:00:00,135,W
2006-10-14 10:15:00,141,W
2006-10-14 10:30:00,159,W
2006-10-14 10:45:00,154,W
2006-10-14 11:00:00,185,W
2006-10-14 11:15:00,167,W
2006-10-14 11:30:00,188,W
2006-10-14 11:45:00,193,W
2006-10-14 12:00:00,180,W
2006-10-14 12:15:00,196,W
2006-10-14 12:30:00,172,W
2006-10-14 12:45:00,193,W
2006-10-14 13:00:00,165,W
2006-10-14 13:15:00,164,W
2006-10-14 13:30:00,125,W
2006-10-14 13:45:00,163,W
2006-10-14 14:00:00,160,W
2006-10-14 14:15:00,158,W
2006-10-14 14:30:00,131,W
2006-10-14 14:45:00,133,W
2006-10-14 15:00:00,144,W
2006-10-14 15:15:00,140,W
2006-10-14 15:30:00,155,W
2006-10-14 15:45:00,148,W
2006-10-14 16:00:00,171,W
2006-10-14 16:15:00,152,W
2006-10-14 16:30:00,139,W
2006-10-14 16:45:00,163,W
2006-10-14 17:00:00,162,W
2006-10-14 17:15:00,156,W
2006-10-14 17:30:00,183,W
2006-10-14 17:45:00,194,W
2006-10-14 18:00:00,190,W
2006-10-14 18:15:00,160,W
2006-10-14 18:30:00,181,W
2006-10-14 18:45:00,169,W
2006-10-14 19:00:00,153,W
2006-10-14 19:15:00,140,W
2006-10-14 19:30:00,123,W
2006-10-14 19:45:00,115,W
2006-10-14 20:00:00,88,W
2006-10-14 20:15:00,78,W
2006-10-14 20:30:00,93,W
2006-10-14 20:45:00,77,W
2006-10-14 21:00:00,56,W
2006-10-14 21:15:00,57,W
2006-10-14 21:30:00,67,W
2006-10-14 21:45:00,54,W
2006-10-14 22:00:00,66,W
2006-10-14 22:15:00,70,W
2006-10-14 22:30:00,79,W
2006-10-14 22:45:00,84,W
2006-10-14 23:00:00,59,W
2006-10-14 23:15:00,85,W
2006-10-14 23:30:00,87,W
2006-10-14 23:45:00,77,W
2006-10-15 00:00:00,74,W
2006-10-15 00:15:00,67,W
2006-10-15 00:30:00,68,W
2006-10-15 00:45:00,57,W
2006-10-15 01:00:00,50,W
2006-10-15 01:15:00,35,W
2006-10-15 01:30:00,41,W
2006-10-15 01:45:00,32,W
2006-10-15 02:00:00,23,W
2006-10-15 02:15:00,29,W
2006-10-15 02:30:00,20,W
2006-10-15 02:45:00,20,W
2006-10-15 03:00:00,21,W
2006-10-15 03:15:00,15,W
2006-10-15 03:30:00,16,W
2006-10-15 03:45:00,28,W
2006-10-15 04:00:00,11,W
2006-10-15 04:15:00,12,W
2006-10-15 04:30:00,19,W
2006-10-15 04:45:00,14,W
2006-10-15 05:00:00,16,W
2006-10-15 05:15:00,23,W
2006-10-15 05:30:00,17,W
2006-10-15 05:45:00,12,W
2006-10-15 06:00:00,22,W
2006-10-15 06:15:00,7,W
2006-10-15 06:30:00,14,W
2006-10-15 06:45:00,25,W
2006-10-15 07:00:00,28,W
2006-10-15 07:15:00,29,W
2006-10-15 07:30:00,26,W
2006-10-15 07:45:00,30,W
2006-10-15 08:00:00,54,W
2006-10-15 08:15:00,42,W
2006-10-15 08:30:00,60,W
2006-10-15 08:45:00,54,W
2006-10-15 09:00:00,76,W
2006-10-15 09:15:00,68,W
2006-10-15 09:30:00,62,W
2006-10-15 09:45:00,101,W
2006-10-15 10:00:00,117,W
2006-10-15 10:15:00,89,W
2006-10-15 10:30:00,117,W
2006-10-15 10:45:00,103,W
2006-10-15 11:00:00,108,W
2006-10-15 11:15:00,138,W
2006-10-15 11:30:00,92,W
2006-10-15 11:45:00,130,W
2006-10-15 12:00:00,143,W
2006-10-15 12:15:00,156,W
2006-10-15 12:30:00,143,W
2006-10-15 12:45:00,164,W
2006-10-15 13:00:00,153,W
2006-10-15 13:15:00,123,W
2006-10-15 13:30:00,153,W
2006-10-15 13:45:00,121,W
2006-10-15 14:00:00,122,W
2006-10-15 14:15:00,123,W
2006-10-15 14:30:00,142,W
2006-10-15 14:45:00,115,W
2006-10-15 15:00:00,111,W
2006-10-15 15:15:00,136,W
2006-10-15 15:30:00,135,W
2006-10-15 15:45:00,124,W
2006-10-15 16:00:00,147,W
2006-10-15 16:15:00,149,W
2006-10-15 16:30:00,138,W
2006-10-15 16:45:00,142,W
2006-10-15 17:00:00,139,W
2006-10-15 17:15:00,164,W
2006-10-15 17:30:00,139,W
2006-10-15 17:45:00,139,W
2006-10-15 18:00:00,158,W
2006-10-15 18:15:00,118,W
2006-10-15 18:30:00,88,W
2006-10-15 18:45:00,98,W
2006-10-15 19:00:00,104,W
2006-10-15 19:15:00,93,W
2006-10-15 19:30:00,78,W
2006-10-15 19:45:00,66,W
2006-10-15 20:00:00,69,W
2006-10-15 20:15:00,75,W
2006-10-15 20:30:00,49,W
2006-10-15 20:45:00,72,W
2006-10-15 21:00:00,69,W
2006-10-15 21:15:00,61,W
2006-10-15 21:30:00,57,W
2006-10-15 21:45:00,55,W
2006-10-15 22:00:00,53,W
2006-10-15 22:15:00,53,W
2006-10-15 22:30:00,56,W
2006-10-15 22:45:00,34,W
2006-10-15 23:00:00,43,W
2006-10-15 23:15:00,43,W
2006-10-15 23:30:00,36,W
2006-10-15 23:45:00,21,W
2006-10-16 00:00:00,18,W
2006-10-16 00:15:00,19,W
2006-10-16 00:30:00,18,W
2006-10-16 00:45:00,16,W
2006-10-16 01:00:00,8,W
2006-10-16 01:15:00,8,W
2006-10-16 01:30:00,11,W
2006-10-16 01:45:00,13,W
2006-10-16 02:00:00,5,W
2006-10-16 02:15:00,4,W
2006-10-16 02:30:00,6,W
2006-10-16 02:45:00,9,W
2006-10-16 03:00:00,4,W
2006-10-16 03:15:00,3,W
2006-10-16 03:30:00,4,W
2006-10-16 03:45:00,3,W
2006-10-16 04:00:00,8,W
2006-10-16 04:15:00,1,W
2006-10-16 04:30:00,5,W
2006-10-16 04:45:00,8,W
2006-10-16 05:00:00,8,W
2006-10-16 05:15:00,7,W
2006-10-16 05:30:00,10,W
2006-10-16 05:45:00,19,W
2006-10-16 06:00:00,34,W
2006-10-16 06:15:00,21,W
2006-10-16 06:30:00,51,W
2006-10-16 06:45:00,68,W
2006-10-16 07:00:00,82,W
2006-10-16 07:15:00,114,W
2006-10-16 07:30:00,133,W
2006-10-16 07:45:00,200,W
2006-10-16 08:00:00,220,W
2006-10-16 08:15:00,215,W
2006-10-16 08:30:00,211,W
2006-10-16 08:45:00,203,W
2006-10-16 09:00:00,185,W
2006-10-16 09:15:00,183,W
2006-10-16 09:30:00,168,W
2006-10-16 09:45:00,168,W
2006-10-16 10:00:00,148,W
2006-10-16 10:15:00,115,W
2006-10-16 10:30:00,130,W
2006-10-16 10:45:00,151,W
2006-10-16 11:00:00,130,W
2006-10-16 11:15:00,118,W
2006-10-16 11:30:00,132,W
2006-10-16 11:45:00,141,W
2006-10-16 12:00:00,134,W
2006-10-16 12:15:00,128,W
2006-10-16 12:30:00,134,W
2006-10-16 12:45:00,139,W
2006-10-16 13:00:00,140,W
2006-10-16 13:15:00,137,W
2006-10-16 13:30:00,123,W
2006-10-16 13:45:00,140,W
2006-10-16 14:00:00,115,W
2006-10-16 14:15:00,129,W
2006-10-16 14:30:00,139,W
2006-10-16 14:45:00,120,W
2006-10-16 15:00:00,152,W
2006-10-16 15:15:00,162,W
2006-10-16 15:30:00,150,W
2006-10-16 15:45:00,208,W
2006-10-16 16:00:00,193,W
2006-10-16 16:15:00,224,W
2006-10-16 16:30:00,225,W
2006-10-16 16:45:00,184,W
2006-10-16 17:00:00,236,W
2006-10-16 17:15:00,252,W
2006-10-16 17:30:00,302,W
2006-10-16 17:45:00,267,W
2006-10-16 18:00:00,244,W
2006-10-16 18:15:00,289,W
2006-10-16 18:30:00,280,W
2006-10-16 18:45:00,221,W
2006-10-16 19:00:00,188,W
2006-10-16 19:15:00,154,W
2006-10-16 19:30:00,148,W
2006-10-16 19:45:00,128,W
2006-10-16 20:00:00,99,W
2006-10-16 20:15:00,94,W
2006-10-16 20:30:00,75,W
2006-10-16 20:45:00,73,W
2006-10-16 21:00:00,73,W
2006-10-16 21:15:00,76,W
2006-10-16 21:30:00,65,W
2006-10-16 21:45:00,67,W
2006-10-16 22:00:00,61,W
2006-10-16 22:15:00,63,W
2006-10-16 22:30:00,46,W
2006-10-16 22:45:00,49,W
2006-10-16 23:00:00,44,W
2006-10-16 23:15:00,32,W
2006-10-16 23:30:00,54,W
2006-10-16 23:45:00,24,W
2006-10-17 00:00:00,20,W
2006-10-17 00:15:00,16,W
2006-10-17 00:30:00,18,W
2006-10-17 00:45:00,10,W
2006-10-17 01:00:00,11,W
2006-10-17 01:15:00,5,W
2006-10-17 01:30:00,5,W
2006-10-17 01:45:00,7,W
2006-10-17 02:00:00,7,W
2006-10-17 02:15:00,9,W
2006-10-17 02:30:00,0,W
2006-10-17 02:45:00,8,W
2006-10-17 03:00:00,1,W
2006-10-17 03:15:00,1,W
2006-10-17 03:30:00,5,W
2006-10-17 03:45:00,6,W
2006-10-17 04:00:00,2,W
2006-10-17 04:15:00,7,W
2006-10-17 04:30:00,9,W
2006-10-17 04:45:00,9,W
2006-10-17 05:00:00,3,W
2006-10-17 05:15:00,5,W
2006-10-17 05:30:00,12,W
2006-10-17 05:45:00,24,W
2006-10-17 06:00:00,30,W
2006-10-17 06:15:00,32,W
2006-10-17 06:30:00,53,W
2006-10-17 06:45:00,71,W
2006-10-17 07:00:00,94,W
2006-10-17 07:15:00,127,W
2006-10-17 07:30:00,134,W
2006-10-17 07:45:00,200,W
2006-10-17 08:00:00,214,W
2006-10-17 08:15:00,204,W
2006-10-17 08:30:00,215,W
2006-10-17 08:45:00,200,W
2006-10-17 09:00:00,186,W
2006-10-17 09:15:00,171,W
2006-10-17 09:30:00,167,W
2006-10-17 09:45:00,114,W
2006-10-17 10:00:00,118,W
2006-10-17 10:15:00,131,W
2006-10-17 10:30:00,134,W
2006-10-17 10:45:00,139,W
2006-10-17 11:00:00,142,W
2006-10-17 11:15:00,113,W
2006-10-17 11:30:00,123,W
2006-10-17 11:45:00,138,W
2006-10-17 12:00:00,147,W
2006-10-17 12:15:00,142,W
2006-10-17 12:30:00,132,W
2006-10-17 12:45:00,145,W
2006-10-17 13:00:00,136,W
2006-10-17 13:15:00,142,W
2006-10-17 13:30:00,133,W
2006-10-17 13:45:00,134,W
2006-10-17 14:00:00,142,W
2006-10-17 14:15:00,138,W
2006-10-17 14:30:00,157,W
2006-10-17 14:45:00,135,W
2006-10-17 15:00:00,144,W
2006-10-17 15:15:00,187,W
2006-10-17 15:30:00,187,W
2006-10-17 15:45:00,192,W
2006-10-17 16:00:00,175,W
2006-10-17 16:15:00,220,W
2006-10-17 16:30:00,226,W
2006-10-17 16:45:00,247,W
2006-10-17 17:00:00,204,W
2006-10-17 17:15:00,256,W
2006-10-17 17:30:00,280,W
2006-10-17 17:45:00,278,W
2006-10-17 18:00:00,241,W
2006-10-17 18:15:00,300,W
2006-10-17 18:30:00,249,W
2006-10-17 18:45:00,241,W
2006-10-17 19:00:00,178,W
2006-10-17 19:15:00,171,W
2006-10-17 19:30:00,132,W
2006-10-17 19:45:00,122,W
2006-10-17 20:00:00,96,W
2006-10-17 20:15:00,93,W
2006-10-17 20:30:00,93,W
2006-10-17 20:45:00,90,W
2006-10-17 21:00:00,89,W
2006-10-17 21:15:00,86,W
2006-10-17 21:30:00,93,W
2006-10-17 21:45:00,82,W
2006-10-17 22:00:00,76,W
2006-10-17 22:15:00,79,W
2006-10-17 22:30:00,74,W
2006-10-17 22:45:00,66,W
2006-10-17 23:00:00,60,W
2006-10-17 23:15:00,59,W
2006-10-17 23:30:00,48,W
2006-10-17 23:45:00,35,W
2006-10-18 00:00:00,34,W
2006-10-18 00:15:00,23,W
2006-10-18 00:30:00,17,W
2006-10-18 00:45:00,19,W
2006-10-18 01:00:00,10,W
2006-10-18 01:15:00,11,W
2006-10-18 01:30:00,13,W
2006-10-18 01:45:00,7,W
2006-10-18 02:00:00,4,W
2006-10-18 02:15:00,9,W
2006-10-18 02:30:00,0,W
2006-10-18 02:45:00,8,W
2006-10-18 03:00:00,3,W
2006-10-18 03:15:00,3,W
2006-10-18 03:30:00,8,W
2006-10-18 03:45:00,8,W
2006-10-18 04:00:00,3,W
2006-10-18 04:15:00,4,W
2006-10-18 04:30:00,6,W
2006-10-18 04:45:00,8,W
2006-10-18 05:00:00,9,W
2006-10-18 05:15:00,16,W
2006-10-18 05:30:00,21,W
2006-10-18 05:45:00,22,W
2006-10-18 06:00:00,32,W
2006-10-18 06:15:00,31,W
2006-10-18 06:30:00,48,W
2006-10-18 06:45:00,62,W
2006-10-18 07:00:00,91,W
2006-10-18 07:15:00,124,W
2006-10-18 07:30:00,133,W
2006-10-18 07:45:00,213,W
2006-10-18 08:00:00,223,W
2006-10-18 08:15:00,215,W
2006-10-18 08:30:00,221,W
2006-10-18 08:45:00,198,W
2006-10-18 09:00:00,145,W
2006-10-18 09:15:00,181,W
2006-10-18 09:30:00,149,W
2006-10-18 09:45:00,126,W
2006-10-18 10:00:00,143,W
2006-10-18 10:15:00,115,W
2006-10-18 10:30:00,125,W
2006-10-18 10:45:00,127,W
2006-10-18 11:00:00,160,W
2006-10-18 11:15:00,108,W
2006-10-18 11:30:00,104,W
2006-10-18 11:45:00,131,W
2006-10-18 12:00:00,145,W
2006-10-18 12:15:00,145,W
2006-10-18 12:30:00,146,W
2006-10-18 12:45:00,145,W
2006-10-18 13:00:00,147,W
2006-10-18 13:15:00,171,W
2006-10-18 13:30:00,147,W
2006-10-18 13:45:00,132,W
2006-10-18 14:00:00,146,W
2006-10-18 14:15:00,109,W
2006-10-18 14:30:00,134,W
2006-10-18 14:45:00,134,W
2006-10-18 15:00:00,128,W
2006-10-18 15:15:00,173,W
2006-10-18 15:30:00,176,W
2006-10-18 15:45:00,216,W
2006-10-18 16:00:00,172,W
2006-10-18 16:15:00,200,W
2006-10-18 16:30:00,225,W
2006-10-18 16:45:00,257,W
2006-10-18 17:00:00,222,W
2006-10-18 17:15:00,229,W
2006-10-18 17:30:00,294,W
2006-10-18 17:45:00,277,W
2006-10-18 18:00:00,236,W
2006-10-18 18:15:00,283,W
2006-10-18 18:30:00,265,W
2006-10-18 18:45:00,212,W
2006-10-18 19:00:00,163,W
2006-10-18 19:15:00,156,W
2006-10-18 19:30:00,155,W
2006-10-18 19:45:00,143,W
2006-10-18 20:00:00,94,W
2006-10-18 20:15:00,92,W
2006-10-18 20:30:00,102,W
2006-10-18 20:45:00,98,W
2006-10-18 21:00:00,116,W
2006-10-18 21:15:00,90,W
2006-10-18 21:30:00,82,W
2006-10-18 21:45:00,90,W
2006-10-18 22:00:00,82,W
2006-10-18 22:15:00,99,W
2006-10-18 22:30:00,80,W
2006-10-18 22:45:00,67,W
2006-10-18 23:00:00,50,W
2006-10-18 23:15:00,58,W
2006-10-18 23:30:00,46,W
2006-10-18 23:45:00,35,W
2006-10-19 00:00:00,24,W
2006-10-19 00:15:00,27,W
2006-10-19 00:30:00,31,W
2006-10-19 00:45:00,15,W
2006-10-19 01:00:00,13,W
2006-10-19 01:15:00,14,W
2006-10-19 01:30:00,8,W
2006-10-19 01:45:00,8,W
2006-10-19 02:00:00,7,W
2006-10-19 02:15:00,8,W
2006-10-19 02:30:00,10,W
2006-10-19 02:45:00,7,W
2006-10-19 03:00:00,5,W
2006-10-19 03:15:00,8,W
2006-10-19 03:30:00,3,W
2006-10-19 03:45:00,6,W
2006-10-19 04:00:00,3,W
2006-10-19 04:15:00,7,W
2006-10-19 04:30:00,8,W
2006-10-19 04:45:00,7,W
2006-10-19 05:00:00,16,W
2006-10-19 05:15:00,11,W
2006-10-19 05:30:00,14,W
2006-10-19 05:45:00,17,W
2006-10-19 06:00:00,24,W
2006-10-19 06:15:00,33,W
2006-10-19 06:30:00,43,W
2006-10-19 06:45:00,79,W
2006-10-19 07:00:00,95,W
2006-10-19 07:15:00,92,W
2006-10-19 07:30:00,143,W
2006-10-19 07:45:00,160,W
2006-10-19 08:00:00,224,W
2006-10-19 08:15:00,212,W
2006-10-19 08:30:00,247,W
2006-10-19 08:45:00,180,W
2006-10-19 09:00:00,159,W
2006-10-19 09:15:00,168,W
2006-10-19 09:30:00,134,W
2006-10-19 09:45:00,133,W
2006-10-19 10:00:00,131,W
2006-10-19 10:15:00,124,W
2006-10-19 10:30:00,118,W
2006-10-19 10:45:00,134,W
2006-10-19 11:00:00,132,W
2006-10-19 11:15:00,136,W
2006-10-19 11:30:00,137,W
2006-10-19 11:45:00,129,W
2006-10-19 12:00:00,162,W
2006-10-19 12:15:00,156,W
2006-10-19 12:30:00,180,W
2006-10-19 12:45:00,139,W
2006-10-19 13:00:00,127,W
2006-10-19 13:15:00,135,W
2006-10-19 13:30:00,117,W
2006-10-19 13:45:00,135,W
2006-10-19 14:00:00,153,W
2006-10-19 14:15:00,139,W
2006-10-19 14:30:00,124,W
2006-10-19 14:45:00,185,W
2006-10-19 15:00:00,144,W
2006-10-19 15:15:00,174,W
2006-10-19 15:30:00,203,W
2006-10-19 15:45:00,224,W
2006-10-19 16:00:00,189,W
2006-10-19 16:15:00,222,W
2006-10-19 16:30:00,222,W
2006-10-19 16:45:00,190,W
2006-10-19 17:00:00,264,W
2006-10-19 17:15:00,215,W
2006-10-19 17:30:00,291,W
2006-10-19 17:45:00,293,W
2006-10-19 18:00:00,257,W
2006-10-19 18:15:00,283,W
2006-10-19 18:30:00,268,W
2006-10-19 18:45:00,229,W
2006-10-19 19:00:00,185,W
2006-10-19 19:15:00,177,W
2006-10-19 19:30:00,151,W
2006-10-19 19:45:00,112,W
2006-10-19 20:00:00,135,W
2006-10-19 20:15:00,123,W
2006-10-19 20:30:00,110,W
2006-10-19 20:45:00,89,W
2006-10-19 21:00:00,88,W
2006-10-19 21:15:00,100,W
2006-10-19 21:30:00,101,W
2006-10-19 21:45:00,83,W
2006-10-19 22:00:00,95,W
2006-10-19 22:15:00,107,W
2006-10-19 22:30:00,96,W
2006-10-19 22:45:00,75,W
2006-10-19 23:00:00,66,W
2006-10-19 23:15:00,58,W
2006-10-19 23:30:00,51,W
2006-10-19 23:45:00,30,W
2006-10-20 00:00:00,28,W
2006-10-20 00:15:00,31,W
2006-10-20 00:30:00,21,W
2006-10-20 00:45:00,24,W
2006-10-20 01:00:00,18,W
2006-10-20 01:15:00,18,W
2006-10-20 01:30:00,10,W
2006-10-20 01:45:00,21,W
2006-10-20 02:00:00,9,W
2006-10-20 02:15:00,8,W
2006-10-20 02:30:00,5,W
2006-10-20 02:45:00,5,W
2006-10-20 03:00:00,7,W
2006-10-20 03:15:00,8,W
2006-10-20 03:30:00,7,W
2006-10-20 03:45:00,7,W
2006-10-20 04:00:00,6,W
2006-10-20 04:15:00,7,W
2006-10-20 04:30:00,3,W
2006-10-20 04:45:00,10,W
2006-10-20 05:00:00,12,W
2006-10-20 05:15:00,11,W
2006-10-20 05:30:00,11,W
2006-10-20 05:45:00,16,W
2006-10-20 06:00:00,26,W
2006-10-20 06:15:00,31,W
2006-10-20 06:30:00,55,W
2006-10-20 06:45:00,62,W
2006-10-20 07:00:00,80,W
2006-10-20 07:15:00,109,W
2006-10-20 07:30:00,117,W
2006-10-20 07:45:00,213,W
2006-10-20 08:00:00,200,W
2006-10-20 08:15:00,226,W
2006-10-20 08:30:00,213,W
2006-10-20 08:45:00,192,W
2006-10-20 09:00:00,199,W
2006-10-20 09:15:00,179,W
2006-10-20 09:30:00,173,W
2006-10-20 09:45:00,116,W
2006-10-20 10:00:00,134,W
2006-10-20 10:15:00,135,W
2006-10-20 10:30:00,121,W
2006-10-20 10:45:00,153,W
2006-10-20 11:00:00,126,W
2006-10-20 11:15:00,137,W
2006-10-20 11:30:00,155,W
2006-10-20 11:45:00,145,W
2006-10-20 12:00:00,155,W
2006-10-20 12:15:00,146,W
2006-10-20 12:30:00,150,W
2006-10-20 12:45:00,149,W
2006-10-20 13:00:00,134,W
2006-10-20 13:15:00,165,W
2006-10-20 13:30:00,160,W
2006-10-20 13:45:00,150,W
2006-10-20 14:00:00,156,W
2006-10-20 14:15:00,145,W
2006-10-20 14:30:00,163,W
2006-10-20 14:45:00,170,W
2006-10-20 15:00:00,162,W
2006-10-20 15:15:00,201,W
2006-10-20 15:30:00,175,W
2006-10-20 15:45:00,195,W
2006-10-20 16:00:00,178,W
2006-10-20 16:15:00,254,W
2006-10-20 16:30:00,220,W
2006-10-20 16:45:00,249,W
2006-10-20 17:00:00,193,W
2006-10-20 17:15:00,250,W
2006-10-20 17:30:00,229,W
2006-10-20 17:45:00,303,W
2006-10-20 18:00:00,257,W
2006-10-20 18:15:00,262,W
2006-10-20 18:30:00,262,W
2006-10-20 18:45:00,219,W
2006-10-20 19:00:00,181,W
2006-10-20 19:15:00,155,W
2006-10-20 19:30:00,139,W
2006-10-20 19:45:00,129,W
2006-10-20 20:00:00,96,W
2006-10-20 20:15:00,92,W
2006-10-20 20:30:00,85,W
2006-10-20 20:45:00,79,W
2006-10-20 21:00:00,80,W
2006-10-20 21:15:00,80,W
2006-10-20 21:30:00,85,W
2006-10-20 21:45:00,120,W
2006-10-20 22:00:00,96,W
2006-10-20 22:15:00,77,W
2006-10-20 22:30:00,75,W
2006-10-20 22:45:00,90,W
2006-10-20 23:00:00,64,W
2006-10-20 23:15:00,73,W
2006-10-20 23:30:00,69,W
2006-10-20 23:45:00,60,W
2006-10-21 00:00:00,66,W
2006-10-21 00:15:00,45,W
2006-10-21 00:30:00,29,W
2006-10-21 00:45:00,27,W
2006-10-21 01:00:00,15,W
2006-10-21 01:15:00,29,W
2006-10-21 01:30:00,11,W
2006-10-21 01:45:00,21,W
2006-10-21 02:00:00,20,W
2006-10-21 02:15:00,18,W
2006-10-21 02:30:00,22,W
2006-10-21 02:45:00,11,W
2006-10-21 03:00:00,11,W
2006-10-21 03:15:00,10,W
2006-10-21 03:30:00,13,W
2006-10-21 03:45:00,10,W
2006-10-21 04:00:00,10,W
2006-10-21 04:15:00,6,W
2006-10-21 04:30:00,10,W
2006-10-21 04:45:00,8,W
2006-10-21 05:00:00,11,W
2006-10-21 05:15:00,17,W
2006-10-21 05:30:00,8,W
2006-10-21 05:45:00,9,W
2006-10-21 06:00:00,14,W
2006-10-21 06:15:00,21,W
2006-10-21 06:30:00,34,W
2006-10-21 06:45:00,43,W
2006-10-21 07:00:00,40,W
2006-10-21 07:15:00,42,W
2006-10-21 07:30:00,48,W
2006-10-21 07:45:00,57,W
2006-10-21 08:00:00,84,W
2006-10-21 08:15:00,72,W
2006-10-21 08:30:00,91,W
2006-10-21 08:45:00,95,W
2006-10-21 09:00:00,127,W
2006-10-21 09:15:00,129,W
2006-10-21 09:30:00,123,W
2006-10-21 09:45:00,145,W
2006-10-21 10:00:00,144,W
2006-10-21 10:15:00,144,W
2006-10-21 10:30:00,165,W
2006-10-21 10:45:00,143,W
2006-10-21 11:00:00,172,W
2006-10-21 11:15:00,167,W
2006-10-21 11:30:00,149,W
2006-10-21 11:45:00,173,W
2006-10-21 12:00:00,206,W
2006-10-21 12:15:00,151,W
2006-10-21 12:30:00,173,W
2006-10-21 12:45:00,179,W
2006-10-21 13:00:00,177,W
2006-10-21 13:15:00,197,W
2006-10-21 13:30:00,132,W
2006-10-21 13:45:00,116,W
2006-10-21 14:00:00,164,W
2006-10-21 14:15:00,149,W
2006-10-21 14:30:00,131,W
2006-10-21 14:45:00,153,W
2006-10-21 15:00:00,152,W
2006-10-21 15:15:00,138,W
2006-10-21 15:30:00,135,W
2006-10-21 15:45:00,127,W
2006-10-21 16:00:00,173,W
2006-10-21 16:15:00,136,W
2006-10-21 16:30:00,160,W
2006-10-21 16:45:00,154,W
2006-10-21 17:00:00,123,W
2006-10-21 17:15:00,174,W
2006-10-21 17:30:00,151,W
2006-10-21 17:45:00,212,W
2006-10-21 18:00:00,150,W
2006-10-21 18:15:00,134,W
2006-10-21 18:30:00,175,W
2006-10-21 18:45:00,126,W
2006-10-21 19:00:00,149,W
2006-10-21 19:15:00,149,W
2006-10-21 19:30:00,101,W
2006-10-21 19:45:00,115,W
2006-10-21 20:00:00,94,W
2006-10-21 20:15:00,76,W
2006-10-21 20:30:00,81,W
2006-10-21 20:45:00,79,W
2006-10-21 21:00:00,68,W
2006-10-21 21:15:00,57,W
2006-10-21 21:30:00,47,W
2006-10-21 21:45:00,59,W
2006-10-21 22:00:00,62,W
2006-10-21 22:15:00,70,W
2006-10-21 22:30:00,64,W
2006-10-21 22:45:00,83,W
2006-10-21 23:00:00,66,W
2006-10-21 23:15:00,90,W
2006-10-21 23:30:00,94,W
2006-10-21 23:45:00,86,W
2006-10-22 00:00:00,68,W
2006-10-22 00:15:00,85,W
2006-10-22 00:30:00,51,W
2006-10-22 00:45:00,41,W
2006-10-22 01:00:00,43,W
2006-10-22 01:15:00,39,W
2006-10-22 01:30:00,29,W
2006-10-22 01:45:00,26,W
2006-10-22 02:00:00,29,W
2006-10-22 02:15:00,30,W
2006-10-22 02:30:00,25,W
2006-10-22 02:45:00,26,W
2006-10-22 03:00:00,21,W
2006-10-22 03:15:00,23,W
2006-10-22 03:30:00,20,W
2006-10-22 03:45:00,16,W
2006-10-22 04:00:00,20,W
2006-10-22 04:15:00,17,W
2006-10-22 04:30:00,14,W
2006-10-22 04:45:00,17,W
2006-10-22 05:00:00,16,W
2006-10-22 05:15:00,10,W
2006-10-22 05:30:00,14,W
2006-10-22 05:45:00,20,W
2006-10-22 06:00:00,12,W
2006-10-22 06:15:00,14,W
2006-10-22 06:30:00,25,W
2006-10-22 06:45:00,28,W
2006-10-22 07:00:00,24,W
2006-10-22 07:15:00,20,W
2006-10-22 07:30:00,26,W
2006-10-22 07:45:00,38,W
2006-10-22 08:00:00,53,W
2006-10-22 08:15:00,32,W
2006-10-22 08:30:00,32,W
2006-10-22 08:45:00,45,W
2006-10-22 09:00:00,59,W
2006-10-22 09:15:00,59,W
2006-10-22 09:30:00,67,W
2006-10-22 09:45:00,94,W
2006-10-22 10:00:00,115,W
2006-10-22 10:15:00,100,W
2006-10-22 10:30:00,98,W
2006-10-22 10:45:00,124,W
2006-10-22 11:00:00,124,W
2006-10-22 11:15:00,127,W
2006-10-22 11:30:00,137,W
2006-10-22 11:45:00,126,W
2006-10-22 12:00:00,121,W
2006-10-22 12:15:00,132,W
2006-10-22 12:30:00,140,W
2006-10-22 12:45:00,148,W
2006-10-22 13:00:00,147,W
2006-10-22 13:15:00,121,W
2006-10-22 13:30:00,133,W
2006-10-22 13:45:00,115,W
2006-10-22 14:00:00,146,W
2006-10-22 14:15:00,132,W
2006-10-22 14:30:00,128,W
2006-10-22 14:45:00,124,W
2006-10-22 15:00:00,133,W
2006-10-22 15:15:00,131,W
2006-10-22 15:30:00,137,W
2006-10-22 15:45:00,88,W
2006-10-22 16:00:00,121,W
2006-10-22 16:15:00,146,W
2006-10-22 16:30:00,155,W
2006-10-22 16:45:00,109,W
2006-10-22 17:00:00,180,W
2006-10-22 17:15:00,157,W
2006-10-22 17:30:00,150,W
2006-10-22 17:45:00,147,W
2006-10-22 18:00:00,181,W
2006-10-22 18:15:00,141,W
2006-10-22 18:30:00,111,W
2006-10-22 18:45:00,109,W
2006-10-22 19:00:00,105,W
2006-10-22 19:15:00,91,W
2006-10-22 19:30:00,78,W
2006-10-22 19:45:00,67,W
2006-10-22 20:00:00,62,W
2006-10-22 20:15:00,45,W
2006-10-22 20:30:00,56,W
2006-10-22 20:45:00,50,W
2006-10-22 21:00:00,52,W
2006-10-22 21:15:00,53,W
2006-10-22 21:30:00,57,W
2006-10-22 21:45:00,61,W
2006-10-22 22:00:00,45,W
2006-10-22 22:15:00,51,W
2006-10-22 22:30:00,52,W
2006-10-22 22:45:00,38,W
2006-10-22 23:00:00,37,W
2006-10-22 23:15:00,40,W
2006-10-22 23:30:00,28,W
2006-10-22 23:45:00,21,W
2006-10-23 00:00:00,18,W
2006-10-23 00:15:00,14,W
2006-10-23 00:30:00,17,W
2006-10-23 00:45:00,14,W
2006-10-23 01:00:00,13,W
2006-10-23 01:15:00,7,W
2006-10-23 01:30:00,9,W
2006-10-23 01:45:00,8,W
2006-10-23 02:00:00,8,W
2006-10-23 02:15:00,8,W
2006-10-23 02:30:00,4,W
2006-10-23 02:45:00,1,W
2006-10-23 03:00:00,6,W
2006-10-23 03:15:00,4,W
2006-10-23 03:30:00,2,W
2006-10-23 03:45:00,5,W
2006-10-23 04:00:00,6,W
2006-10-23 04:15:00,6,W
2006-10-23 04:30:00,8,W
2006-10-23 04:45:00,11,W
2006-10-23 05:00:00,6,W
2006-10-23 05:15:00,7,W
2006-10-23 05:30:00,21,W
2006-10-23 05:45:00,31,W
2006-10-23 06:00:00,27,W
2006-10-23 06:15:00,36,W
2006-10-23 06:30:00,44,W
2006-10-23 06:45:00,80,W
2006-10-23 07:00:00,91,W
2006-10-23 07:15:00,91,W
2006-10-23 07:30:00,137,W
2006-10-23 07:45:00,189,W
2006-10-23 08:00:00,214,W
2006-10-23 08:15:00,212,W
2006-10-23 08:30:00,188,W
2006-10-23 08:45:00,201,W
2006-10-23 09:00:00,175,W
2006-10-23 09:15:00,153,W
2006-10-23 09:30:00,143,W
2006-10-23 09:45:00,142,W
2006-10-23 10:00:00,120,W
2006-10-23 10:15:00,108,W
2006-10-23 10:30:00,141,W
2006-10-23 10:45:00,99,W
2006-10-23 11:00:00,136,W
2006-10-23 11:15:00,117,W
2006-10-23 11:30:00,116,W
2006-10-23 11:45:00,169,W
2006-10-23 12:00:00,132,W
2006-10-23 12:15:00,138,W
2006-10-23 12:30:00,130,W
2006-10-23 12:45:00,132,W
2006-10-23 13:00:00,145,W
2006-10-23 13:15:00,136,W
2006-10-23 13:30:00,130,W
2006-10-23 13:45:00,151,W
2006-10-23 14:00:00,130,W
2006-10-23 14:15:00,148,W
2006-10-23 14:30:00,128,W
2006-10-23 14:45:00,135,W
2006-10-23 15:00:00,122,W
2006-10-23 15:15:00,176,W
2006-10-23 15:30:00,180,W
2006-10-23 15:45:00,203,W
2006-10-23 16:00:00,175,W
2006-10-23 16:15:00,215,W
2006-10-23 16:30:00,225,W
2006-10-23 16:45:00,216,W
2006-10-23 17:00:00,247,W
2006-10-23 17:15:00,227,W
2006-10-23 17:30:00,312,W
2006-10-23 17:45:00,295,W
2006-10-23 18:00:00,251,W
2006-10-23 18:15:00,228,W
2006-10-23 18:30:00,260,W
2006-10-23 18:45:00,200,W
2006-10-23 19:00:00,185,W
2006-10-23 19:15:00,153,W
2006-10-23 19:30:00,140,W
2006-10-23 19:45:00,110,W
2006-10-23 20:00:00,101,W
2006-10-23 20:15:00,94,W
2006-10-23 20:30:00,82,W
2006-10-23 20:45:00,64,W
2006-10-23 21:00:00,74,W
2006-10-23 21:15:00,69,W
2006-10-23 21:30:00,64,W
2006-10-23 21:45:00,67,W
2006-10-23 22:00:00,87,W
2006-10-23 22:15:00,69,W
2006-10-23 22:30:00,56,W
2006-10-23 22:45:00,60,W
2006-10-23 23:00:00,30,W
2006-10-23 23:15:00,38,W
2006-10-23 23:30:00,31,W
2006-10-23 23:45:00,22,W
2006-10-24 00:00:00,12,W
2006-10-24 00:15:00,13,W
2006-10-24 00:30:00,14,W
2006-10-24 00:45:00,5,W
2006-10-24 01:00:00,10,W
2006-10-24 01:15:00,6,W
2006-10-24 01:30:00,9,W
2006-10-24 01:45:00,8,W
2006-10-24 02:00:00,6,W
2006-10-24 02:15:00,5,W
2006-10-24 02:30:00,1,W
2006-10-24 02:45:00,6,W
2006-10-24 03:00:00,2,W
2006-10-24 03:15:00,5,W
2006-10-24 03:30:00,3,W
2006-10-24 03:45:00,7,W
2006-10-24 04:00:00,4,W
2006-10-24 04:15:00,3,W
2006-10-24 04:30:00,11,W
2006-10-24 04:45:00,11,W
2006-10-24 05:00:00,10,W
2006-10-24 05:15:00,10,W
2006-10-24 05:30:00,14,W
2006-10-24 05:45:00,23,W
2006-10-24 06:00:00,35,W
2006-10-24 06:15:00,34,W
2006-10-24 06:30:00,62,W
2006-10-24 06:45:00,78,W
2006-10-24 07:00:00,90,W
2006-10-24 07:15:00,128,W
2006-10-24 07:30:00,160,W
2006-10-24 07:45:00,195,W
2006-10-24 08:00:00,216,W
2006-10-24 08:15:00,201,W
2006-10-24 08:30:00,223,W
2006-10-24 08:45:00,180,W
2006-10-24 09:00:00,220,W
2006-10-24 09:15:00,175,W
2006-10-24 09:30:00,134,W
2006-10-24 09:45:00,121,W
2006-10-24 10:00:00,130,W
2006-10-24 10:15:00,140,W
2006-10-24 10:30:00,129,W
2006-10-24 10:45:00,134,W
2006-10-24 11:00:00,120,W
2006-10-24 11:15:00,118,W
2006-10-24 11:30:00,127,W
2006-10-24 11:45:00,138,W
2006-10-24 12:00:00,177,W
2006-10-24 12:15:00,127,W
2006-10-24 12:30:00,130,W
2006-10-24 12:45:00,124,W
2006-10-24 13:00:00,158,W
2006-10-24 13:15:00,130,W
2006-10-24 13:30:00,150,W
2006-10-24 13:45:00,123,W
2006-10-24 14:00:00,115,W
2006-10-24 14:15:00,123,W
2006-10-24 14:30:00,123,W
2006-10-24 14:45:00,129,W
2006-10-24 15:00:00,143,W
2006-10-24 15:15:00,158,W
2006-10-24 15:30:00,187,W
2006-10-24 15:45:00,197,W
2006-10-24 16:00:00,198,W
2006-10-24 16:15:00,215,W
2006-10-24 16:30:00,225,W
2006-10-24 16:45:00,207,W
2006-10-24 17:00:00,218,W
2006-10-24 17:15:00,252,W
2006-10-24 17:30:00,296,W
2006-10-24 17:45:00,269,W
2006-10-24 18:00:00,257,W
2006-10-24 18:15:00,283,W
2006-10-24 18:30:00,225,W
2006-10-24 18:45:00,181,W
2006-10-24 19:00:00,171,W
2006-10-24 19:15:00,154,W
2006-10-24 19:30:00,151,W
2006-10-24 19:45:00,125,W
2006-10-24 20:00:00,94,W
2006-10-24 20:15:00,113,W
2006-10-24 20:30:00,116,W
2006-10-24 20:45:00,70,W
2006-10-24 21:00:00,86,W
2006-10-24 21:15:00,92,W
2006-10-24 21:30:00,90,W
2006-10-24 21:45:00,96,W
2006-10-24 22:00:00,83,W
2006-10-24 22:15:00,87,W
2006-10-24 22:30:00,72,W
2006-10-24 22:45:00,67,W
2006-10-24 23:00:00,52,W
2006-10-24 23:15:00,46,W
2006-10-24 23:30:00,29,W
2006-10-24 23:45:00,23,W
2006-10-25 00:00:00,12,W
2006-10-25 00:15:00,9,W
2006-10-25 00:30:00,15,W
2006-10-25 00:45:00,18,W
2006-10-25 01:00:00,7,W
2006-10-25 01:15:00,5,W
2006-10-25 01:30:00,5,W
2006-10-25 01:45:00,11,W
2006-10-25 02:00:00,6,W
2006-10-25 02:15:00,2,W
2006-10-25 02:30:00,8,W
2006-10-25 02:45:00,2,W
2006-10-25 03:00:00,4,W
2006-10-25 03:15:00,2,W
2006-10-25 03:30:00,4,W
2006-10-25 03:45:00,5,W
2006-10-25 04:00:00,4,W
2006-10-25 04:15:00,2,W
2006-10-25 04:30:00,6,W
2006-10-25 04:45:00,7,W
2006-10-25 05:00:00,11,W
2006-10-25 05:15:00,13,W
2006-10-25 05:30:00,12,W
2006-10-25 05:45:00,19,W
2006-10-25 06:00:00,26,W
2006-10-25 06:15:00,55,W
2006-10-25 06:30:00,41,W
2006-10-25 06:45:00,81,W
2006-10-25 07:00:00,80,W
2006-10-25 07:15:00,121,W
2006-10-25 07:30:00,145,W
2006-10-25 07:45:00,215,W
2006-10-25 08:00:00,211,W
2006-10-25 08:15:00,173,W
2006-10-25 08:30:00,179,W
2006-10-25 08:45:00,175,W
2006-10-25 09:00:00,158,W
2006-10-25 09:15:00,168,W
2006-10-25 09:30:00,146,W
2006-10-25 09:45:00,170,W
2006-10-25 10:00:00,123,W
2006-10-25 10:15:00,143,W
2006-10-25 10:30:00,132,W
2006-10-25 10:45:00,144,W
2006-10-25 11:00:00,137,W
2006-10-25 11:15:00,131,W
2006-10-25 11:30:00,147,W
2006-10-25 11:45:00,144,W
2006-10-25 12:00:00,132,W
2006-10-25 12:15:00,143,W
2006-10-25 12:30:00,167,W
2006-10-25 12:45:00,165,W
2006-10-25 13:00:00,141,W
2006-10-25 13:15:00,148,W
2006-10-25 13:30:00,118,W
2006-10-25 13:45:00,135,W
2006-10-25 14:00:00,141,W
2006-10-25 14:15:00,149,W
2006-10-25 14:30:00,132,W
2006-10-25 14:45:00,147,W
2006-10-25 15:00:00,173,W
2006-10-25 15:15:00,166,W
2006-10-25 15:30:00,192,W
2006-10-25 15:45:00,176,W
2006-10-25 16:00:00,208,W
2006-10-25 16:15:00,179,W
2006-10-25 16:30:00,242,W
2006-10-25 16:45:00,253,W
2006-10-25 17:00:00,222,W
2006-10-25 17:15:00,269,W
2006-10-25 17:30:00,306,W
2006-10-25 17:45:00,235,W
2006-10-25 18:00:00,313,W
2006-10-25 18:15:00,249,W
2006-10-25 18:30:00,264,W
2006-10-25 18:45:00,234,W
2006-10-25 19:00:00,192,W
2006-10-25 19:15:00,155,W
2006-10-25 19:30:00,130,W
2006-10-25 19:45:00,130,W
2006-10-25 20:00:00,116,W
2006-10-25 20:15:00,101,W
2006-10-25 20:30:00,107,W
2006-10-25 20:45:00,83,W
2006-10-25 21:00:00,84,W
2006-10-25 21:15:00,90,W
2006-10-25 21:30:00,95,W
2006-10-25 21:45:00,82,W
2006-10-25 22:00:00,88,W
2006-10-25 22:15:00,84,W
2006-10-25 22:30:00,78,W
2006-10-25 22:45:00,53,W
2006-10-25 23:00:00,55,W
2006-10-25 23:15:00,42,W
2006-10-25 23:30:00,33,W
2006-10-25 23:45:00,26,W
2006-10-26 00:00:00,5,W
2006-10-26 00:15:00,9,W
2006-10-26 00:30:00,17,W
2006-10-26 00:45:00,3,W
2006-10-26 01:00:00,11,W
2006-10-26 01:15:00,16,W
2006-10-26 01:30:00,6,W
2006-10-26 01:45:00,4,W
2006-10-26 02:00:00,8,W
2006-10-26 02:15:00,3,W
2006-10-26 02:30:00,3,W
2006-10-26 02:45:00,8,W
2006-10-26 03:00:00,7,W
2006-10-26 03:15:00,3,W
2006-10-26 03:30:00,4,W
2006-10-26 03:45:00,7,W
2006-10-26 04:00:00,4,W
2006-10-26 04:15:00,3,W
2006-10-26 04:30:00,10,W
2006-10-26 04:45:00,4,W
2006-10-26 05:00:00,8,W
2006-10-26 05:15:00,15,W
2006-10-26 05:30:00,10,W
2006-10-26 05:45:00,18,W
2006-10-26 06:00:00,29,W
2006-10-26 06:15:00,35,W
2006-10-26 06:30:00,44,W
2006-10-26 06:45:00,80,W
2006-10-26 07:00:00,98,W
2006-10-26 07:15:00,104,W
2006-10-26 07:30:00,151,W
2006-10-26 07:45:00,200,W
2006-10-26 08:00:00,231,W
2006-10-26 08:15:00,214,W
2006-10-26 08:30:00,221,W
2006-10-26 08:45:00,223,W
2006-10-26 09:00:00,188,W
2006-10-26 09:15:00,163,W
2006-10-26 09:30:00,134,W
2006-10-26 09:45:00,142,W
2006-10-26 10:00:00,138,W
2006-10-26 10:15:00,141,W
2006-10-26 10:30:00,115,W
2006-10-26 10:45:00,129,W
2006-10-26 11:00:00,153,W
2006-10-26 11:15:00,123,W
2006-10-26 11:30:00,172,W
2006-10-26 11:45:00,153,W
2006-10-26 12:00:00,150,W
2006-10-26 12:15:00,163,W
2006-10-26 12:30:00,159,W
2006-10-26 12:45:00,158,W
2006-10-26 13:00:00,148,W
2006-10-26 13:15:00,145,W
2006-10-26 13:30:00,159,W
2006-10-26 13:45:00,138,W
2006-10-26 14:00:00,138,W
2006-10-26 14:15:00,134,W
2006-10-26 14:30:00,149,W
2006-10-26 14:45:00,153,W
2006-10-26 15:00:00,141,W
2006-10-26 15:15:00,187,W
2006-10-26 15:30:00,166,W
2006-10-26 15:45:00,222,W
2006-10-26 16:00:00,159,W
2006-10-26 16:15:00,247,W
2006-10-26 16:30:00,258,W
2006-10-26 16:45:00,234,W
2006-10-26 17:00:00,216,W
2006-10-26 17:15:00,262,W
2006-10-26 17:30:00,268,W
2006-10-26 17:45:00,301,W
2006-10-26 18:00:00,259,W
2006-10-26 18:15:00,283,W
2006-10-26 18:30:00,258,W
2006-10-26 18:45:00,241,W
2006-10-26 19:00:00,186,W
2006-10-26 19:15:00,165,W
2006-10-26 19:30:00,159,W
2006-10-26 19:45:00,128,W
2006-10-26 20:00:00,108,W
2006-10-26 20:15:00,101,W
2006-10-26 20:30:00,120,W
2006-10-26 20:45:00,72,W
2006-10-26 21:00:00,104,W
2006-10-26 21:15:00,98,W
2006-10-26 21:30:00,101,W
2006-10-26 21:45:00,113,W
2006-10-26 22:00:00,77,W
2006-10-26 22:15:00,83,W
2006-10-26 22:30:00,81,W
2006-10-26 22:45:00,55,W
2006-10-26 23:00:00,54,W
2006-10-26 23:15:00,53,W
2006-10-26 23:30:00,47,W
2006-10-26 23:45:00,36,W
2006-10-27 00:00:00,22,W
2006-10-27 00:15:00,29,W
2006-10-27 00:30:00,19,W
2006-10-27 00:45:00,18,W
2006-10-27 01:00:00,21,W
2006-10-27 01:15:00,10,W
2006-10-27 01:30:00,12,W
2006-10-27 01:45:00,13,W
2006-10-27 02:00:00,7,W
2006-10-27 02:15:00,8,W
2006-10-27 02:30:00,6,W
2006-10-27 02:45:00,12,W
2006-10-27 03:00:00,9,W
2006-10-27 03:15:00,4,W
2006-10-27 03:30:00,5,W
2006-10-27 03:45:00,12,W
2006-10-27 04:00:00,6,W
2006-10-27 04:15:00,3,W
2006-10-27 04:30:00,11,W
2006-10-27 04:45:00,10,W
2006-10-27 05:00:00,7,W
2006-10-27 05:15:00,11,W
2006-10-27 05:30:00,12,W
2006-10-27 05:45:00,18,W
2006-10-27 06:00:00,38,W
2006-10-27 06:15:00,36,W
2006-10-27 06:30:00,61,W
2006-10-27 06:45:00,79,W
2006-10-27 07:00:00,90,W
2006-10-27 07:15:00,104,W
2006-10-27 07:30:00,135,W
2006-10-27 07:45:00,177,W
2006-10-27 08:00:00,168,W
2006-10-27 08:15:00,246,W
2006-10-27 08:30:00,203,W
2006-10-27 08:45:00,192,W
2006-10-27 09:00:00,193,W
2006-10-27 09:15:00,167,W
2006-10-27 09:30:00,143,W
2006-10-27 09:45:00,142,W
2006-10-27 10:00:00,149,W
2006-10-27 10:15:00,129,W
2006-10-27 10:30:00,111,W
2006-10-27 10:45:00,158,W
2006-10-27 11:00:00,130,W
2006-10-27 11:15:00,130,W
2006-10-27 11:30:00,115,W
2006-10-27 11:45:00,148,W
2006-10-27 12:00:00,157,W
2006-10-27 12:15:00,165,W
2006-10-27 12:30:00,129,W
2006-10-27 12:45:00,163,W
2006-10-27 13:00:00,136,W
2006-10-27 13:15:00,136,W
2006-10-27 13:30:00,129,W
2006-10-27 13:45:00,152,W
2006-10-27 14:00:00,156,W
2006-10-27 14:15:00,136,W
2006-10-27 14:30:00,156,W
2006-10-27 14:45:00,159,W
2006-10-27 15:00:00,185,W
2006-10-27 15:15:00,167,W
2006-10-27 15:30:00,190,W
2006-10-27 15:45:00,184,W
2006-10-27 16:00:00,175,W
2006-10-27 16:15:00,208,W
2006-10-27 16:30:00,225,W
2006-10-27 16:45:00,245,W
2006-10-27 17:00:00,223,W
2006-10-27 17:15:00,281,W
2006-10-27 17:30:00,271,W
2006-10-27 17:45:00,268,W
2006-10-27 18:00:00,307,W
2006-10-27 18:15:00,218,W
2006-10-27 18:30:00,257,W
2006-10-27 18:45:00,203,W
2006-10-27 19:00:00,184,W
2006-10-27 19:15:00,159,W
2006-10-27 19:30:00,152,W
2006-10-27 19:45:00,108,W
2006-10-27 20:00:00,102,W
2006-10-27 20:15:00,116,W
2006-10-27 20:30:00,84,W
2006-10-27 20:45:00,95,W
2006-10-27 21:00:00,71,W
2006-10-27 21:15:00,67,W
2006-10-27 21:30:00,66,W
2006-10-27 21:45:00,78,W
2006-10-27 22:00:00,62,W
2006-10-27 22:15:00,92,W
2006-10-27 22:30:00,72,W
2006-10-27 22:45:00,73,W
2006-10-27 23:00:00,66,W
2006-10-27 23:15:00,75,W
2006-10-27 23:30:00,76,W
2006-10-27 23:45:00,63,W
2006-10-28 00:00:00,54,W
2006-10-28 00:15:00,67,W
2006-10-28 00:30:00,61,W
2006-10-28 00:45:00,39,W
2006-10-28 01:00:00,39,W
2006-10-28 01:15:00,20,W
2006-10-28 01:30:00,28,W
2006-10-28 01:45:00,24,W
2006-10-28 02:00:00,27,W
2006-10-28 02:15:00,16,W
2006-10-28 02:30:00,24,W
2006-10-28 02:45:00,19,W
2006-10-28 03:00:00,11,W
2006-10-28 03:15:00,13,W
2006-10-28 03:30:00,10,W
2006-10-28 03:45:00,9,W
2006-10-28 04:00:00,8,W
2006-10-28 04:15:00,5,W
2006-10-28 04:30:00,9,W
2006-10-28 04:45:00,10,W
2006-10-28 05:00:00,7,W
2006-10-28 05:15:00,10,W
2006-10-28 05:30:00,13,W
2006-10-28 05:45:00,19,W
2006-10-28 06:00:00,14,W
2006-10-28 06:15:00,15,W
2006-10-28 06:30:00,25,W
2006-10-28 06:45:00,30,W
2006-10-28 07:00:00,35,W
2006-10-28 07:15:00,38,W
2006-10-28 07:30:00,42,W
2006-10-28 07:45:00,36,W
2006-10-28 08:00:00,73,W
2006-10-28 08:15:00,77,W
2006-10-28 08:30:00,65,W
2006-10-28 08:45:00,97,W
2006-10-28 09:00:00,116,W
2006-10-28 09:15:00,109,W
2006-10-28 09:30:00,130,W
2006-10-28 09:45:00,111,W
2006-10-28 10:00:00,160,W
2006-10-28 10:15:00,142,W
2006-10-28 10:30:00,135,W
2006-10-28 10:45:00,142,W
2006-10-28 11:00:00,176,W
2006-10-28 11:15:00,160,W
2006-10-28 11:30:00,172,W
2006-10-28 11:45:00,165,W
2006-10-28 12:00:00,163,W
2006-10-28 12:15:00,148,W
2006-10-28 12:30:00,170,W
2006-10-28 12:45:00,144,W
2006-10-28 13:00:00,180,W
2006-10-28 13:15:00,153,W
2006-10-28 13:30:00,169,W
2006-10-28 13:45:00,159,W
2006-10-28 14:00:00,160,W
2006-10-28 14:15:00,146,W
2006-10-28 14:30:00,146,W
2006-10-28 14:45:00,177,W
2006-10-28 15:00:00,171,W
2006-10-28 15:15:00,165,W
2006-10-28 15:30:00,163,W
2006-10-28 15:45:00,155,W
2006-10-28 16:00:00,171,W
2006-10-28 16:15:00,164,W
2006-10-28 16:30:00,139,W
2006-10-28 16:45:00,145,W
2006-10-28 17:00:00,152,W
2006-10-28 17:15:00,159,W
2006-10-28 17:30:00,184,W
2006-10-28 17:45:00,160,W
2006-10-28 18:00:00,153,W
2006-10-28 18:15:00,127,W
2006-10-28 18:30:00,166,W
2006-10-28 18:45:00,101,W
2006-10-28 19:00:00,128,W
2006-10-28 19:15:00,118,W
2006-10-28 19:30:00,113,W
2006-10-28 19:45:00,102,W
2006-10-28 20:00:00,107,W
2006-10-28 20:15:00,60,W
2006-10-28 20:30:00,69,W
2006-10-28 20:45:00,59,W
2006-10-28 21:00:00,72,W
2006-10-28 21:15:00,68,W
2006-10-28 21:30:00,59,W
2006-10-28 21:45:00,52,W
2006-10-28 22:00:00,80,W
2006-10-28 22:15:00,76,W
2006-10-28 22:30:00,56,W
2006-10-28 22:45:00,60,W
2006-10-28 23:00:00,56,W
2006-10-28 23:15:00,63,W
2006-10-28 23:30:00,68,W
2006-10-28 23:45:00,75,W
2006-10-29 00:00:00,75,W
2006-10-29 00:15:00,73,W
2006-10-29 00:30:00,60,W
2006-10-29 00:45:00,40,W
2006-10-29 01:00:00,36,W
2006-10-29 01:15:00,34,W
2006-10-29 01:30:00,27,W
2006-10-29 01:45:00,32,W
2006-10-29 02:00:00,0,W
2006-10-29 02:15:00,0,W
2006-10-29 02:30:00,0,W
2006-10-29 02:45:00,0,W
2006-10-29 03:00:00,26,W
2006-10-29 03:15:00,33,W
2006-10-29 03:30:00,22,W
2006-10-29 03:45:00,19,W
2006-10-29 04:00:00,20,W
2006-10-29 04:15:00,14,W
2006-10-29 04:30:00,28,W
2006-10-29 04:45:00,11,W
2006-10-29 05:00:00,15,W
2006-10-29 05:15:00,16,W
2006-10-29 05:30:00,20,W
2006-10-29 05:45:00,20,W
2006-10-29 06:00:00,16,W
2006-10-29 06:15:00,16,W
2006-10-29 06:30:00,22,W
2006-10-29 06:45:00,16,W
2006-10-29 07:00:00,18,W
2006-10-29 07:15:00,22,W
2006-10-29 07:30:00,26,W
2006-10-29 07:45:00,31,W
2006-10-29 08:00:00,26,W
2006-10-29 08:15:00,26,W
2006-10-29 08:30:00,40,W
2006-10-29 08:45:00,43,W
2006-10-29 09:00:00,45,W
2006-10-29 09:15:00,43,W
2006-10-29 09:30:00,55,W
2006-10-29 09:45:00,80,W
2006-10-29 10:00:00,80,W
2006-10-29 10:15:00,88,W
2006-10-29 10:30:00,106,W
2006-10-29 10:45:00,108,W
2006-10-29 11:00:00,102,W
2006-10-29 11:15:00,99,W
2006-10-29 11:30:00,141,W
2006-10-29 11:45:00,97,W
2006-10-29 12:00:00,173,W
2006-10-29 12:15:00,131,W
2006-10-29 12:30:00,137,W
2006-10-29 12:45:00,125,W
2006-10-29 13:00:00,129,W
2006-10-29 13:15:00,109,W
2006-10-29 13:30:00,130,W
2006-10-29 13:45:00,112,W
2006-10-29 14:00:00,136,W
2006-10-29 14:15:00,109,W
2006-10-29 14:30:00,131,W
2006-10-29 14:45:00,128,W
2006-10-29 15:00:00,141,W
2006-10-29 15:15:00,133,W
2006-10-29 15:30:00,126,W
2006-10-29 15:45:00,142,W
2006-10-29 16:00:00,130,W
2006-10-29 16:15:00,128,W
2006-10-29 16:30:00,135,W
2006-10-29 16:45:00,136,W
2006-10-29 17:00:00,148,W
2006-10-29 17:15:00,137,W
2006-10-29 17:30:00,163,W
2006-10-29 17:45:00,146,W
2006-10-29 18:00:00,165,W
2006-10-29 18:15:00,133,W
2006-10-29 18:30:00,112,W
2006-10-29 18:45:00,110,W
2006-10-29 19:00:00,88,W
2006-10-29 19:15:00,96,W
2006-10-29 19:30:00,87,W
2006-10-29 19:45:00,64,W
2006-10-29 20:00:00,70,W
2006-10-29 20:15:00,80,W
2006-10-29 20:30:00,57,W
2006-10-29 20:45:00,60,W
2006-10-29 21:00:00,64,W
2006-10-29 21:15:00,66,W
2006-10-29 21:30:00,50,W
2006-10-29 21:45:00,58,W
2006-10-29 22:00:00,60,W
2006-10-29 22:15:00,55,W
2006-10-29 22:30:00,54,W
2006-10-29 22:45:00,44,W
2006-10-29 23:00:00,43,W
2006-10-29 23:15:00,34,W
2006-10-29 23:30:00,33,W
2006-10-29 23:45:00,28,W
2006-10-30 00:00:00,18,W
2006-10-30 00:15:00,15,W
2006-10-30 00:30:00,23,W
2006-10-30 00:45:00,8,W
2006-10-30 01:00:00,12,W
2006-10-30 01:15:00,13,W
2006-10-30 01:30:00,13,W
2006-10-30 01:45:00,11,W
2006-10-30 02:00:00,3,W
2006-10-30 02:15:00,5,W
2006-10-30 02:30:00,5,W
2006-10-30 02:45:00,4,W
2006-10-30 03:00:00,3,W
2006-10-30 03:15:00,0,W
2006-10-30 03:30:00,4,W
2006-10-30 03:45:00,4,W
2006-10-30 04:00:00,9,W
2006-10-30 04:15:00,4,W
2006-10-30 04:30:00,8,W
2006-10-30 04:45:00,5,W
2006-10-30 05:00:00,8,W
2006-10-30 05:15:00,6,W
2006-10-30 05:30:00,11,W
2006-10-30 05:45:00,16,W
2006-10-30 06:00:00,31,W
2006-10-30 06:15:00,43,W
2006-10-30 06:30:00,41,W
2006-10-30 06:45:00,70,W
2006-10-30 07:00:00,83,W
2006-10-30 07:15:00,111,W
2006-10-30 07:30:00,146,W
2006-10-30 07:45:00,148,W
2006-10-30 08:00:00,218,W
2006-10-30 08:15:00,218,W
2006-10-30 08:30:00,219,W
2006-10-30 08:45:00,229,W
2006-10-30 09:00:00,186,W
2006-10-30 09:15:00,143,W
2006-10-30 09:30:00,156,W
2006-10-30 09:45:00,145,W
2006-10-30 10:00:00,141,W
2006-10-30 10:15:00,118,W
2006-10-30 10:30:00,123,W
2006-10-30 10:45:00,120,W
2006-10-30 11:00:00,120,W
2006-10-30 11:15:00,120,W
2006-10-30 11:30:00,145,W
2006-10-30 11:45:00,139,W
2006-10-30 12:00:00,143,W
2006-10-30 12:15:00,141,W
2006-10-30 12:30:00,116,W
2006-10-30 12:45:00,141,W
2006-10-30 13:00:00,136,W
2006-10-30 13:15:00,136,W
2006-10-30 13:30:00,143,W
2006-10-30 13:45:00,126,W
2006-10-30 14:00:00,147,W
2006-10-30 14:15:00,160,W
2006-10-30 14:30:00,125,W
2006-10-30 14:45:00,137,W
2006-10-30 15:00:00,164,W
2006-10-30 15:15:00,164,W
2006-10-30 15:30:00,181,W
2006-10-30 15:45:00,186,W
2006-10-30 16:00:00,194,W
2006-10-30 16:15:00,198,W
2006-10-30 16:30:00,218,W
2006-10-30 16:45:00,214,W
2006-10-30 17:00:00,222,W
2006-10-30 17:15:00,272,W
2006-10-30 17:30:00,244,W
2006-10-30 17:45:00,303,W
2006-10-30 18:00:00,257,W
2006-10-30 18:15:00,311,W
2006-10-30 18:30:00,266,W
2006-10-30 18:45:00,203,W
2006-10-30 19:00:00,168,W
2006-10-30 19:15:00,153,W
2006-10-30 19:30:00,112,W
2006-10-30 19:45:00,107,W
2006-10-30 20:00:00,103,W
2006-10-30 20:15:00,84,W
2006-10-30 20:30:00,78,W
2006-10-30 20:45:00,76,W
2006-10-30 21:00:00,78,W
2006-10-30 21:15:00,71,W
2006-10-30 21:30:00,63,W
2006-10-30 21:45:00,79,W
2006-10-30 22:00:00,73,W
2006-10-30 22:15:00,57,W
2006-10-30 22:30:00,59,W
2006-10-30 22:45:00,57,W
2006-10-30 23:00:00,48,W
2006-10-30 23:15:00,43,W
2006-10-30 23:30:00,44,W
2006-10-30 23:45:00,33,W
2006-10-31 00:00:00,19,W
2006-10-31 00:15:00,14,W
2006-10-31 00:30:00,16,W
2006-10-31 00:45:00,15,W
2006-10-31 01:00:00,16,W
2006-10-31 01:15:00,9,W
2006-10-31 01:30:00,12,W
2006-10-31 01:45:00,2,W
2006-10-31 02:00:00,6,W
2006-10-31 02:15:00,7,W
2006-10-31 02:30:00,3,W
2006-10-31 02:45:00,5,W
2006-10-31 03:00:00,6,W
2006-10-31 03:15:00,1,W
2006-10-31 03:30:00,5,W
2006-10-31 03:45:00,3,W
2006-10-31 04:00:00,4,W
2006-10-31 04:15:00,4,W
2006-10-31 04:30:00,6,W
2006-10-31 04:45:00,7,W
2006-10-31 05:00:00,10,W
2006-10-31 05:15:00,12,W
2006-10-31 05:30:00,19,W
2006-10-31 05:45:00,17,W
2006-10-31 06:00:00,35,W
2006-10-31 06:15:00,37,W
2006-10-31 06:30:00,40,W
2006-10-31 06:45:00,63,W
2006-10-31 07:00:00,81,W
2006-10-31 07:15:00,110,W
2006-10-31 07:30:00,142,W
2006-10-31 07:45:00,172,W
2006-10-31 08:00:00,179,W
2006-10-31 08:15:00,193,W
2006-10-31 08:30:00,206,W
2006-10-31 08:45:00,205,W
2006-10-31 09:00:00,163,W
2006-10-31 09:15:00,169,W
2006-10-31 09:30:00,181,W
2006-10-31 09:45:00,121,W
2006-10-31 10:00:00,151,W
2006-10-31 10:15:00,126,W
2006-10-31 10:30:00,144,W
2006-10-31 10:45:00,128,W
2006-10-31 11:00:00,119,W
2006-10-31 11:15:00,102,W
2006-10-31 11:30:00,139,W
2006-10-31 11:45:00,151,W
2006-10-31 12:00:00,144,W
2006-10-31 12:15:00,148,W
2006-10-31 12:30:00,116,W
2006-10-31 12:45:00,140,W
2006-10-31 13:00:00,124,W
2006-10-31 13:15:00,158,W
2006-10-31 13:30:00,152,W
2006-10-31 13:45:00,122,W
2006-10-31 14:00:00,158,W
2006-10-31 14:15:00,118,W
2006-10-31 14:30:00,117,W
2006-10-31 14:45:00,162,W
2006-10-31 15:00:00,151,W
2006-10-31 15:15:00,180,W
2006-10-31 15:30:00,188,W
2006-10-31 15:45:00,186,W
2006-10-31 16:00:00,208,W
2006-10-31 16:15:00,215,W
2006-10-31 16:30:00,225,W
2006-10-31 16:45:00,183,W
2006-10-31 17:00:00,230,W
2006-10-31 17:15:00,270,W
2006-10-31 17:30:00,281,W
2006-10-31 17:45:00,281,W
2006-10-31 18:00:00,271,W
2006-10-31 18:15:00,248,W
2006-10-31 18:30:00,249,W
2006-10-31 18:45:00,256,W
2006-10-31 19:00:00,221,W
2006-10-31 19:15:00,153,W
2006-10-31 19:30:00,153,W
2006-10-31 19:45:00,117,W
2006-10-31 20:00:00,123,W
2006-10-31 20:15:00,97,W
2006-10-31 20:30:00,110,W
2006-10-31 20:45:00,108,W
2006-10-31 21:00:00,88,W
2006-10-31 21:15:00,88,W
2006-10-31 21:30:00,89,W
2006-10-31 21:45:00,73,W
2006-10-31 22:00:00,79,W
2006-10-31 22:15:00,95,W
2006-10-31 22:30:00,56,W
2006-10-31 22:45:00,68,W
2006-10-31 23:00:00,53,W
2006-10-31 23:15:00,35,W
2006-10-31 23:30:00,36,W
2006-10-31 23:45:00,27,W
2006-11-01 00:00:00,19,W
